Temperature (K)	Pressure (MPa)	Density (kg/m3)	Volume (m3/kg)	Internal Energy (kJ/mol)	Enthalpy (kJ/mol)	Entropy (J/mol*K)	Cv (J/mol*K)	Cp (J/mol*K)	Sound Spd. (m/s)	Joule-Thomson (K/MPa)	Viscosity (uPa*s)	Therm. Cond. (W/m*K)	Surf. Tension (N/m)	Phase
83.806	0.068891	1416.8	0.00070583	-4.8531	-4.8512	53.110	21.956	44.570	862.43	-0.40500	290.17	0.13368	0.013404	liquid
84.306	0.072952	1413.7	0.00070735	-4.8309	-4.8288	53.375	21.874	44.568	859.01	-0.40346	285.62	0.13294	0.013279	liquid
84.806	0.077197	1410.7	0.00070887	-4.8086	-4.8064	53.638	21.794	44.570	855.58	-0.40185	281.17	0.13220	0.013154	liquid
85.306	0.081631	1407.6	0.00071041	-4.7864	-4.7841	53.899	21.716	44.575	852.14	-0.40016	276.81	0.13146	0.013029	liquid
85.806	0.086259	1404.6	0.00071195	-4.7642	-4.7617	54.159	21.639	44.584	848.69	-0.39839	272.54	0.13072	0.012905	liquid
86.306	0.091086	1401.5	0.00071351	-4.7419	-4.7393	54.418	21.563	44.597	845.24	-0.39655	268.36	0.12998	0.012781	liquid
86.806	0.096120	1398.5	0.00071508	-4.7197	-4.7169	54.675	21.489	44.613	841.78	-0.39463	264.27	0.12925	0.012657	liquid
87.306	0.10136	1395.4	0.00071665	-4.6974	-4.6945	54.930	21.416	44.632	838.31	-0.39263	260.26	0.12851	0.012533	liquid
87.806	0.10683	1392.3	0.00071824	-4.6752	-4.6721	55.185	21.345	44.654	834.83	-0.39056	256.34	0.12778	0.012410	liquid
88.306	0.11251	1389.2	0.00071985	-4.6529	-4.6497	55.438	21.274	44.680	831.34	-0.38841	252.50	0.12705	0.012286	liquid
88.806	0.11842	1386.1	0.00072146	-4.6306	-4.6272	55.689	21.205	44.708	827.84	-0.38618	248.73	0.12632	0.012163	liquid
89.306	0.12457	1383.0	0.00072308	-4.6084	-4.6048	55.939	21.136	44.740	824.34	-0.38388	245.04	0.12559	0.012041	liquid
89.806	0.13096	1379.8	0.00072472	-4.5861	-4.5823	56.189	21.069	44.775	820.82	-0.38150	241.43	0.12486	0.011918	liquid
90.306	0.13759	1376.7	0.00072637	-4.5638	-4.5598	56.436	21.003	44.812	817.30	-0.37904	237.89	0.12413	0.011796	liquid
90.806	0.14448	1373.6	0.00072803	-4.5414	-4.5372	56.683	20.938	44.852	813.76	-0.37651	234.42	0.12341	0.011674	liquid
91.306	0.15163	1370.4	0.00072971	-4.5191	-4.5147	56.928	20.873	44.895	810.22	-0.37390	231.01	0.12268	0.011552	liquid
91.806	0.15904	1367.2	0.00073140	-4.4967	-4.4921	57.173	20.810	44.941	806.66	-0.37121	227.68	0.12196	0.011431	liquid
92.306	0.16672	1364.1	0.00073310	-4.4744	-4.4695	57.416	20.747	44.990	803.10	-0.36844	224.41	0.12124	0.011310	liquid
92.806	0.17468	1360.9	0.00073482	-4.4520	-4.4468	57.658	20.685	45.042	799.53	-0.36560	221.21	0.12051	0.011189	liquid
93.306	0.18292	1357.7	0.00073655	-4.4295	-4.4242	57.899	20.625	45.096	795.94	-0.36267	218.07	0.11979	0.011068	liquid
93.806	0.19146	1354.5	0.00073829	-4.4071	-4.4015	58.139	20.564	45.153	792.35	-0.35966	214.99	0.11907	0.010948	liquid
94.306	0.20029	1351.3	0.00074005	-4.3847	-4.3787	58.378	20.505	45.213	788.75	-0.35657	211.96	0.11835	0.010827	liquid
94.806	0.20942	1348.0	0.00074182	-4.3622	-4.3560	58.616	20.446	45.276	785.13	-0.35340	209.00	0.11764	0.010708	liquid
95.306	0.21886	1344.8	0.00074361	-4.3397	-4.3332	58.853	20.389	45.341	781.51	-0.35014	206.09	0.11692	0.010588	liquid
95.806	0.22861	1341.5	0.00074542	-4.3171	-4.3103	59.089	20.332	45.409	777.87	-0.34680	203.24	0.11620	0.010469	liquid
96.306	0.23869	1338.3	0.00074724	-4.2946	-4.2874	59.324	20.275	45.480	774.22	-0.34337	200.45	0.11549	0.010349	liquid
96.806	0.24910	1335.0	0.00074907	-4.2720	-4.2645	59.558	20.219	45.553	770.56	-0.33986	197.70	0.11478	0.010231	liquid
97.306	0.25984	1331.7	0.00075093	-4.2493	-4.2416	59.791	20.164	45.630	766.89	-0.33625	195.01	0.11406	0.010112	liquid
97.806	0.27092	1328.4	0.00075280	-4.2267	-4.2186	60.024	20.110	45.709	763.21	-0.33256	192.36	0.11335	0.0099939	liquid
98.306	0.28236	1325.1	0.00075468	-4.2040	-4.1955	60.255	20.056	45.791	759.51	-0.32877	189.77	0.11264	0.0098759	liquid
98.806	0.29414	1321.7	0.00075659	-4.1813	-4.1724	60.486	20.003	45.875	755.81	-0.32489	187.22	0.11193	0.0097582	liquid
99.306	0.30629	1318.4	0.00075851	-4.1586	-4.1493	60.716	19.950	45.963	752.09	-0.32091	184.72	0.11122	0.0096408	liquid
99.806	0.31881	1315.0	0.00076045	-4.1358	-4.1261	60.945	19.898	46.054	748.36	-0.31684	182.26	0.11052	0.0095237	liquid
100.31	0.33170	1311.6	0.00076241	-4.1129	-4.1028	61.173	19.847	46.147	744.61	-0.31267	179.85	0.10981	0.0094068	liquid
100.81	0.34497	1308.2	0.00076439	-4.0901	-4.0796	61.401	19.796	46.244	740.86	-0.30839	177.49	0.10910	0.0092903	liquid
101.31	0.35863	1304.8	0.00076638	-4.0672	-4.0562	61.628	19.746	46.344	737.09	-0.30402	175.16	0.10840	0.0091740	liquid
101.81	0.37268	1301.4	0.00076840	-4.0443	-4.0328	61.854	19.696	46.447	733.31	-0.29954	172.87	0.10770	0.0090580	liquid
102.31	0.38714	1298.0	0.00077044	-4.0213	-4.0094	62.079	19.647	46.553	729.51	-0.29495	170.63	0.10700	0.0089424	liquid
102.81	0.40200	1294.5	0.00077249	-3.9983	-3.9859	62.304	19.599	46.662	725.70	-0.29025	168.42	0.10630	0.0088270	liquid
103.31	0.41728	1291.0	0.00077457	-3.9752	-3.9623	62.528	19.551	46.774	721.87	-0.28544	166.25	0.10561	0.0087119	liquid
103.81	0.43299	1287.5	0.00077667	-3.9521	-3.9387	62.751	19.504	46.890	718.04	-0.28051	164.12	0.10491	0.0085972	liquid
104.31	0.44912	1284.0	0.00077879	-3.9290	-3.9150	62.974	19.457	47.009	714.18	-0.27547	162.03	0.10422	0.0084827	liquid
104.81	0.46568	1280.5	0.00078094	-3.9058	-3.8912	63.196	19.411	47.132	710.31	-0.27031	159.97	0.10353	0.0083686	liquid
105.31	0.48269	1277.0	0.00078310	-3.8825	-3.8674	63.418	19.365	47.259	706.43	-0.26502	157.94	0.10283	0.0082547	liquid
105.81	0.50015	1273.4	0.00078529	-3.8592	-3.8436	63.639	19.320	47.389	702.53	-0.25961	155.95	0.10215	0.0081412	liquid
106.31	0.51807	1269.8	0.00078751	-3.8359	-3.8196	63.860	19.275	47.523	698.62	-0.25406	153.99	0.10146	0.0080280	liquid
106.81	0.53645	1266.2	0.00078974	-3.8125	-3.7956	64.079	19.231	47.660	694.69	-0.24839	152.06	0.10077	0.0079151	liquid
107.31	0.55530	1262.6	0.00079201	-3.7891	-3.7715	64.299	19.187	47.802	690.75	-0.24257	150.17	0.10008	0.0078025	liquid
107.81	0.57463	1259.0	0.00079430	-3.7656	-3.7473	64.518	19.145	47.948	686.79	-0.23662	148.30	0.099399	0.0076903	liquid
108.31	0.59444	1255.3	0.00079661	-3.7420	-3.7231	64.736	19.102	48.098	682.81	-0.23052	146.46	0.098715	0.0075783	liquid
108.81	0.61474	1251.6	0.00079895	-3.7184	-3.6988	64.954	19.060	48.252	678.81	-0.22428	144.66	0.098033	0.0074667	liquid
109.31	0.63554	1247.9	0.00080132	-3.6948	-3.6744	65.172	19.019	48.411	674.80	-0.21788	142.88	0.097352	0.0073555	liquid
109.81	0.65685	1244.2	0.00080372	-3.6710	-3.6499	65.389	18.978	48.574	670.77	-0.21133	141.12	0.096673	0.0072446	liquid
110.31	0.67867	1240.5	0.00080614	-3.6473	-3.6254	65.606	18.938	48.742	666.72	-0.20462	139.40	0.095994	0.0071340	liquid
110.81	0.70100	1236.7	0.00080859	-3.6234	-3.6008	65.822	18.898	48.916	662.66	-0.19774	137.70	0.095317	0.0070237	liquid
111.31	0.72387	1232.9	0.00081108	-3.5995	-3.5760	66.038	18.859	49.094	658.58	-0.19070	136.02	0.094642	0.0069138	liquid
111.81	0.74727	1229.1	0.00081359	-3.5755	-3.5512	66.253	18.821	49.277	654.47	-0.18347	134.37	0.093968	0.0068043	liquid
112.31	0.77121	1225.3	0.00081614	-3.5515	-3.5263	66.469	18.783	49.466	650.35	-0.17607	132.74	0.093295	0.0066951	liquid
112.81	0.79569	1221.4	0.00081872	-3.5274	-3.5013	66.684	18.746	49.660	646.21	-0.16848	131.14	0.092624	0.0065862	liquid
113.31	0.82074	1217.5	0.00082133	-3.5032	-3.4763	66.898	18.709	49.860	642.05	-0.16070	129.55	0.091954	0.0064777	liquid
113.81	0.84634	1213.6	0.00082398	-3.4789	-3.4511	67.112	18.673	50.066	637.87	-0.15273	127.99	0.091285	0.0063696	liquid
114.31	0.87251	1209.7	0.00082666	-3.4546	-3.4258	67.327	18.637	50.279	633.66	-0.14455	126.46	0.090618	0.0062619	liquid
114.81	0.89926	1205.7	0.00082937	-3.4302	-3.4004	67.540	18.603	50.498	629.44	-0.13616	124.94	0.089953	0.0061545	liquid
115.31	0.92660	1201.7	0.00083213	-3.4057	-3.3749	67.754	18.568	50.723	625.19	-0.12755	123.44	0.089289	0.0060475	liquid
115.81	0.95452	1197.7	0.00083492	-3.3812	-3.3493	67.968	18.535	50.956	620.93	-0.11872	121.96	0.088626	0.0059408	liquid
116.31	0.98305	1193.7	0.00083775	-3.3565	-3.3236	68.181	18.502	51.195	616.64	-0.10965	120.50	0.087965	0.0058346	liquid
116.81	1.0122	1189.6	0.00084062	-3.3318	-3.2978	68.394	18.470	51.443	612.32	-0.10035	119.06	0.087305	0.0057287	liquid
117.31	1.0419	1185.5	0.00084353	-3.3070	-3.2719	68.607	18.438	51.698	607.99	-0.090795	117.63	0.086647	0.0056232	liquid
117.81	1.0723	1181.4	0.00084649	-3.2821	-3.2458	68.820	18.408	51.962	603.63	-0.080986	116.23	0.085990	0.0055181	liquid
118.31	1.1033	1177.2	0.00084948	-3.2571	-3.2197	69.033	18.378	52.234	599.24	-0.070912	114.83	0.085335	0.0054134	liquid
118.81	1.1349	1173.0	0.00085252	-3.2320	-3.1934	69.245	18.348	52.515	594.83	-0.060562	113.46	0.084682	0.0053092	liquid
119.31	1.1672	1168.8	0.00085561	-3.2068	-3.1669	69.458	18.320	52.805	590.39	-0.049926	112.10	0.084030	0.0052053	liquid
119.81	1.2001	1164.5	0.00085875	-3.1816	-3.1404	69.671	18.292	53.105	585.93	-0.038994	110.76	0.083379	0.0051018	liquid
120.31	1.2337	1160.2	0.00086193	-3.1562	-3.1137	69.883	18.265	53.416	581.44	-0.027755	109.43	0.082730	0.0049988	liquid
120.81	1.2679	1155.8	0.00086517	-3.1307	-3.0869	70.096	18.239	53.737	576.92	-0.016197	108.11	0.082083	0.0048961	liquid
121.31	1.3028	1151.5	0.00086846	-3.1051	-3.0599	70.309	18.213	54.070	572.38	-0.0043075	106.81	0.081437	0.0047940	liquid
121.81	1.3384	1147.1	0.00087180	-3.0794	-3.0328	70.522	18.189	54.414	567.80	0.0079267	105.52	0.080793	0.0046922	liquid
122.31	1.3747	1142.6	0.00087520	-3.0536	-3.0055	70.735	18.166	54.771	563.20	0.020519	104.25	0.080150	0.0045909	liquid
122.81	1.4116	1138.1	0.00087865	-3.0276	-2.9781	70.948	18.143	55.141	558.56	0.033485	102.98	0.079508	0.0044900	liquid
123.31	1.4493	1133.6	0.00088217	-3.0016	-2.9505	71.161	18.121	55.525	553.89	0.046838	101.73	0.078869	0.0043896	liquid
123.81	1.4877	1129.0	0.00088574	-2.9754	-2.9228	71.375	18.101	55.923	549.19	0.060597	100.49	0.078230	0.0042896	liquid
124.31	1.5268	1124.4	0.00088939	-2.9491	-2.8949	71.589	18.081	56.337	544.46	0.074777	99.257	0.077593	0.0041901	liquid
124.81	1.5667	1119.7	0.00089309	-2.9227	-2.8668	71.803	18.063	56.767	539.69	0.089398	98.036	0.076958	0.0040911	liquid
125.31	1.6072	1115.0	0.00089687	-2.8961	-2.8385	72.017	18.045	57.214	534.89	0.10448	96.826	0.076323	0.0039925	liquid
125.81	1.6485	1110.2	0.00090071	-2.8694	-2.8100	72.232	18.029	57.679	530.05	0.12004	95.625	0.075691	0.0038945	liquid
126.31	1.6906	1105.4	0.00090464	-2.8425	-2.7814	72.447	18.014	58.163	525.18	0.13610	94.432	0.075059	0.0037969	liquid
126.81	1.7334	1100.6	0.00090863	-2.8155	-2.7525	72.663	18.000	58.668	520.26	0.15269	93.249	0.074429	0.0036998	liquid
127.31	1.7770	1095.6	0.00091271	-2.7883	-2.7235	72.879	17.987	59.195	515.31	0.16983	92.073	0.073801	0.0036032	liquid
127.81	1.8214	1090.7	0.00091687	-2.7609	-2.6942	73.096	17.976	59.745	510.32	0.18755	90.905	0.073173	0.0035072	liquid
128.31	1.8665	1085.6	0.00092112	-2.7334	-2.6647	73.313	17.966	60.319	505.28	0.20587	89.744	0.072547	0.0034116	liquid
128.81	1.9125	1080.5	0.00092546	-2.7057	-2.6350	73.531	17.958	60.920	500.20	0.22482	88.590	0.071921	0.0033166	liquid
129.31	1.9592	1075.4	0.00092989	-2.6779	-2.6051	73.750	17.951	61.549	495.08	0.24444	87.442	0.071297	0.0032222	liquid
129.81	2.0068	1070.2	0.00093442	-2.6498	-2.5749	73.969	17.946	62.207	489.90	0.26477	86.301	0.070674	0.0031282	liquid
130.31	2.0551	1064.9	0.00093906	-2.6216	-2.5445	74.189	17.943	62.899	484.69	0.28583	85.164	0.070052	0.0030349	liquid
130.81	2.1043	1059.5	0.00094380	-2.5931	-2.5138	74.410	17.941	63.624	479.42	0.30767	84.033	0.069431	0.0029421	liquid
131.31	2.1544	1054.1	0.00094866	-2.5644	-2.4828	74.632	17.941	64.387	474.10	0.33033	82.907	0.068810	0.0028499	liquid
131.81	2.2053	1048.6	0.00095363	-2.5355	-2.4515	74.855	17.944	65.191	468.73	0.35386	81.785	0.068191	0.0027583	liquid
132.31	2.2570	1043.0	0.00095873	-2.5064	-2.4199	75.079	17.948	66.037	463.31	0.37830	80.666	0.067571	0.0026673	liquid
132.81	2.3096	1037.4	0.00096397	-2.4770	-2.3881	75.305	17.954	66.931	457.83	0.40371	79.552	0.066953	0.0025769	liquid
133.31	2.3631	1031.6	0.00096934	-2.4474	-2.3559	75.531	17.963	67.875	452.30	0.43015	78.440	0.066335	0.0024872	liquid
133.81	2.4174	1025.8	0.00097485	-2.4175	-2.3233	75.759	17.974	68.875	446.70	0.45768	77.331	0.065717	0.0023981	liquid
134.31	2.4727	1019.9	0.00098052	-2.3873	-2.2905	75.988	17.987	69.936	441.05	0.48636	76.223	0.065100	0.0023096	liquid
134.81	2.5288	1013.8	0.00098635	-2.3568	-2.2572	76.219	18.004	71.062	435.33	0.51627	75.118	0.064482	0.0022218	liquid
135.31	2.5859	1007.7	0.00099236	-2.3261	-2.2235	76.451	18.022	72.261	429.56	0.54749	74.014	0.063865	0.0021347	liquid
135.81	2.6439	1001.5	0.00099855	-2.2949	-2.1895	76.686	18.044	73.539	423.71	0.58011	72.911	0.063248	0.0020484	liquid
136.31	2.7028	995.09	0.0010049	-2.2635	-2.1550	76.922	18.069	74.905	417.80	0.61423	71.808	0.062631	0.0019627	liquid
136.81	2.7627	988.60	0.0010115	-2.2317	-2.1200	77.160	18.097	76.367	411.82	0.64994	70.705	0.062013	0.0018778	liquid
137.31	2.8235	981.99	0.0010183	-2.1995	-2.0846	77.401	18.128	77.937	405.76	0.68738	69.601	0.061395	0.0017936	liquid
137.81	2.8853	975.23	0.0010254	-2.1668	-2.0486	77.644	18.163	79.627	399.62	0.72667	68.496	0.060776	0.0017102	liquid
138.31	2.9481	968.33	0.0010327	-2.1338	-2.0122	77.889	18.202	81.451	393.40	0.76796	67.390	0.060157	0.0016276	liquid
138.81	3.0118	961.27	0.0010403	-2.1003	-1.9751	78.138	18.246	83.425	387.09	0.81140	66.281	0.059538	0.0015459	liquid
139.31	3.0766	954.04	0.0010482	-2.0663	-1.9374	78.389	18.294	85.570	380.69	0.85718	65.170	0.058918	0.0014650	liquid
139.81	3.1424	946.64	0.0010564	-2.0317	-1.8991	78.644	18.347	87.907	374.18	0.90551	64.055	0.058298	0.0013850	liquid
140.31	3.2092	939.03	0.0010649	-1.9966	-1.8601	78.902	18.407	90.464	367.57	0.95661	62.936	0.057677	0.0013059	liquid
140.81	3.2771	931.22	0.0010739	-1.9608	-1.8203	79.165	18.473	93.275	360.82	1.0107	61.812	0.057057	0.0012278	liquid
141.31	3.3460	923.18	0.0010832	-1.9244	-1.7797	79.432	18.548	96.378	353.95	1.0682	60.683	0.056437	0.0011506	liquid
141.81	3.4160	914.90	0.0010930	-1.8873	-1.7382	79.703	18.632	99.823	346.92	1.1294	59.547	0.055818	0.0010745	liquid
142.31	3.4871	906.35	0.0011033	-1.8494	-1.6957	79.980	18.727	103.67	339.72	1.1946	58.404	0.055201	0.00099940	liquid
142.81	3.5593	897.50	0.0011142	-1.8106	-1.6522	80.263	18.835	108.00	332.33	1.2644	57.252	0.054588	0.00092544	liquid
143.31	3.6326	888.33	0.0011257	-1.7709	-1.6075	80.552	18.960	112.90	324.74	1.3392	56.091	0.053981	0.00085264	liquid
143.81	3.7071	878.79	0.0011379	-1.7301	-1.5616	80.849	19.103	118.49	316.91	1.4198	54.918	0.053381	0.00078107	liquid
144.31	3.7827	868.85	0.0011509	-1.6882	-1.5142	81.154	19.268	124.96	308.81	1.5069	53.732	0.052794	0.00071078	liquid
144.81	3.8595	858.46	0.0011649	-1.6449	-1.4653	81.468	19.462	132.51	300.41	1.6015	52.531	0.052224	0.00064186	liquid
145.31	3.9375	847.54	0.0011799	-1.6001	-1.4145	81.793	19.689	141.46	291.67	1.7047	51.311	0.051680	0.00057439	liquid
145.81	4.0167	836.03	0.0011961	-1.5536	-1.3616	82.130	19.959	152.23	282.54	1.8179	50.070	0.051173	0.00050847	liquid
146.31	4.0972	823.82	0.0012139	-1.5050	-1.3063	82.482	20.280	165.48	272.96	1.9432	48.801	0.050719	0.00044422	liquid
146.81	4.1790	810.78	0.0012334	-1.4541	-1.2482	82.852	20.669	182.20	262.87	2.0828	47.499	0.050342	0.00038178	liquid
147.31	4.2621	796.73	0.0012551	-1.4002	-1.1865	83.243	21.145	203.96	252.17	2.2400	46.154	0.050079	0.00032133	liquid
147.81	4.3466	781.40	0.0012798	-1.3426	-1.1204	83.662	21.738	233.51	240.75	2.4194	44.750	0.049987	0.00026307	liquid
148.31	4.4324	764.42	0.0013082	-1.2803	-1.0486	84.117	22.495	276.01	228.42	2.6275	43.268	0.050154	0.00020730	liquid
148.81	4.5197	745.18	0.0013420	-1.2114	-0.96906	84.621	23.494	342.38	214.95	2.8741	41.668	0.050746	0.00015440	liquid
149.31	4.6086	722.55	0.0013840	-1.1327	-0.87787	85.201	24.885	460.29	199.91	3.1763	39.884	0.052108	0.00010494	liquid
149.81	4.6990	694.17	0.0014406	-1.0372	-0.76682	85.909	27.010	724.99	182.50	3.5664	37.767	0.055248	5.9834e-05	liquid
150.31	4.7913	652.58	0.0015324	-0.90315	-0.60985	86.919	30.965	1790.7	160.62	4.1305	34.856	0.065526	2.0992e-05	liquid
83.806	0.068891	4.0546	0.24663	1.0103	1.6891	131.15	12.972	22.172	168.12	35.712	6.8558	0.0053590	vapor
84.306	0.072952	4.2729	0.23403	1.0149	1.6970	130.78	12.990	22.229	168.53	35.285	6.9003	0.0053963	vapor
84.806	0.077197	4.5001	0.22222	1.0195	1.7048	130.42	13.008	22.287	168.93	34.866	6.9449	0.0054338	vapor
85.306	0.081631	4.7362	0.21114	1.0240	1.7125	130.06	13.026	22.347	169.33	34.456	6.9895	0.0054715	vapor
85.806	0.086259	4.9816	0.20074	1.0284	1.7201	129.70	13.045	22.409	169.72	34.055	7.0343	0.0055094	vapor
86.306	0.091086	5.2365	0.19097	1.0328	1.7277	129.35	13.065	22.472	170.11	33.661	7.0791	0.0055475	vapor
86.806	0.096120	5.5011	0.18178	1.0371	1.7352	129.00	13.084	22.537	170.49	33.275	7.1239	0.0055857	vapor
87.306	0.10136	5.7756	0.17314	1.0414	1.7425	128.66	13.105	22.604	170.87	32.897	7.1689	0.0056241	vapor
87.806	0.10683	6.0603	0.16501	1.0456	1.7498	128.32	13.125	22.673	171.24	32.526	7.2139	0.0056628	vapor
88.306	0.11251	6.3554	0.15735	1.0498	1.7570	127.99	13.146	22.744	171.61	32.162	7.2591	0.0057016	vapor
88.806	0.11842	6.6612	0.15012	1.0539	1.7641	127.66	13.168	22.816	171.98	31.805	7.3043	0.0057406	vapor
89.306	0.12457	6.9779	0.14331	1.0579	1.7710	127.33	13.190	22.891	172.34	31.454	7.3496	0.0057799	vapor
89.806	0.13096	7.3058	0.13688	1.0618	1.7779	127.01	13.212	22.967	172.69	31.111	7.3950	0.0058194	vapor
90.306	0.13759	7.6450	0.13080	1.0657	1.7847	126.69	13.234	23.046	173.04	30.773	7.4406	0.0058591	vapor
90.806	0.14448	7.9960	0.12506	1.0695	1.7914	126.38	13.258	23.127	173.39	30.442	7.4862	0.0058991	vapor
91.306	0.15163	8.3588	0.11963	1.0733	1.7979	126.07	13.281	23.209	173.73	30.117	7.5319	0.0059393	vapor
91.806	0.15904	8.7339	0.11450	1.0770	1.8044	125.76	13.305	23.294	174.07	29.797	7.5778	0.0059798	vapor
92.306	0.16672	9.1214	0.10963	1.0806	1.8108	125.45	13.329	23.382	174.40	29.483	7.6237	0.0060206	vapor
92.806	0.17468	9.5216	0.10502	1.0841	1.8170	125.15	13.354	23.471	174.73	29.175	7.6698	0.0060616	vapor
93.306	0.18292	9.9348	0.10066	1.0876	1.8231	124.85	13.380	23.563	175.05	28.872	7.7160	0.0061029	vapor
93.806	0.19146	10.361	0.096514	1.0910	1.8292	124.56	13.405	23.657	175.37	28.574	7.7624	0.0061445	vapor
94.306	0.20029	10.801	0.092582	1.0943	1.8351	124.27	13.431	23.753	175.68	28.281	7.8088	0.0061865	vapor
94.806	0.20942	11.255	0.088849	1.0976	1.8409	123.98	13.458	23.853	175.99	27.993	7.8554	0.0062287	vapor
95.306	0.21886	11.723	0.085303	1.1007	1.8465	123.69	13.485	23.954	176.29	27.710	7.9022	0.0062712	vapor
95.806	0.22861	12.205	0.081932	1.1038	1.8521	123.41	13.513	24.058	176.59	27.432	7.9491	0.0063141	vapor
96.306	0.23869	12.702	0.078726	1.1068	1.8575	123.13	13.541	24.165	176.89	27.158	7.9961	0.0063574	vapor
96.806	0.24910	13.214	0.075676	1.1097	1.8628	122.85	13.569	24.275	177.18	26.888	8.0433	0.0064010	vapor
97.306	0.25984	13.742	0.072772	1.1126	1.8680	122.58	13.598	24.387	177.46	26.623	8.0907	0.0064449	vapor
97.806	0.27092	14.284	0.070007	1.1153	1.8730	122.31	13.628	24.502	177.74	26.362	8.1382	0.0064893	vapor
98.306	0.28236	14.843	0.067371	1.1180	1.8779	122.04	13.658	24.620	178.01	26.105	8.1859	0.0065340	vapor
98.806	0.29414	15.418	0.064859	1.1206	1.8827	121.77	13.688	24.741	178.28	25.852	8.2338	0.0065792	vapor
99.306	0.30629	16.010	0.062463	1.1231	1.8874	121.50	13.719	24.866	178.55	25.603	8.2818	0.0066248	vapor
99.806	0.31881	16.618	0.060176	1.1255	1.8919	121.24	13.750	24.993	178.81	25.358	8.3301	0.0066708	vapor
100.31	0.33170	17.243	0.057993	1.1278	1.8962	120.98	13.782	25.124	179.07	25.116	8.3785	0.0067173	vapor
100.81	0.34497	17.886	0.055908	1.1300	1.9005	120.72	13.815	25.258	179.32	24.878	8.4272	0.0067642	vapor
101.31	0.35863	18.547	0.053916	1.1322	1.9046	120.47	13.848	25.395	179.56	24.643	8.4760	0.0068116	vapor
101.81	0.37268	19.227	0.052011	1.1342	1.9085	120.21	13.881	25.536	179.80	24.412	8.5251	0.0068595	vapor
102.31	0.38714	19.924	0.050190	1.1361	1.9123	119.96	13.915	25.680	180.04	24.184	8.5744	0.0069079	vapor
102.81	0.40200	20.641	0.048448	1.1380	1.9160	119.71	13.950	25.829	180.27	23.959	8.6239	0.0069568	vapor
103.31	0.41728	21.377	0.046780	1.1397	1.9195	119.46	13.985	25.981	180.49	23.738	8.6736	0.0070063	vapor
103.81	0.43299	22.132	0.045183	1.1414	1.9229	119.22	14.021	26.137	180.71	23.519	8.7236	0.0070564	vapor
104.31	0.44912	22.908	0.043653	1.1429	1.9261	118.97	14.057	26.297	180.93	23.303	8.7738	0.0071070	vapor
104.81	0.46568	23.704	0.042187	1.1443	1.9291	118.73	14.094	26.461	181.14	23.091	8.8243	0.0071582	vapor
105.31	0.48269	24.521	0.040781	1.1457	1.9320	118.49	14.131	26.630	181.35	22.881	8.8751	0.0072101	vapor
105.81	0.50015	25.359	0.039433	1.1469	1.9348	118.25	14.169	26.803	181.55	22.673	8.9261	0.0072626	vapor
106.31	0.51807	26.219	0.038140	1.1480	1.9373	118.01	14.208	26.981	181.74	22.469	8.9774	0.0073158	vapor
106.81	0.53645	27.101	0.036899	1.1490	1.9397	117.78	14.247	27.163	181.93	22.267	9.0290	0.0073697	vapor
107.31	0.55530	28.006	0.035707	1.1499	1.9420	117.54	14.287	27.351	182.12	22.068	9.0810	0.0074242	vapor
107.81	0.57463	28.933	0.034562	1.1507	1.9441	117.31	14.328	27.543	182.30	21.871	9.1332	0.0074796	vapor
108.31	0.59444	29.884	0.033462	1.1513	1.9460	117.08	14.369	27.741	182.48	21.676	9.1857	0.0075357	vapor
108.81	0.61474	30.859	0.032405	1.1519	1.9477	116.85	14.411	27.944	182.65	21.484	9.2386	0.0075926	vapor
109.31	0.63554	31.858	0.031389	1.1523	1.9492	116.62	14.453	28.153	182.81	21.294	9.2918	0.0076503	vapor
109.81	0.65685	32.883	0.030411	1.1526	1.9506	116.39	14.496	28.367	182.97	21.106	9.3454	0.0077089	vapor
110.31	0.67867	33.932	0.029471	1.1528	1.9518	116.17	14.540	28.588	183.13	20.921	9.3994	0.0077683	vapor
110.81	0.70100	35.008	0.028565	1.1528	1.9528	115.94	14.585	28.815	183.28	20.737	9.4537	0.0078287	vapor
111.31	0.72387	36.109	0.027694	1.1528	1.9536	115.72	14.630	29.048	183.42	20.556	9.5084	0.0078900	vapor
111.81	0.74727	37.238	0.026854	1.1525	1.9542	115.49	14.676	29.288	183.56	20.376	9.5635	0.0079523	vapor
112.31	0.77121	38.395	0.026045	1.1522	1.9546	115.27	14.723	29.535	183.69	20.199	9.6191	0.0080157	vapor
112.81	0.79569	39.579	0.025266	1.1517	1.9548	115.05	14.771	29.789	183.82	20.023	9.6751	0.0080801	vapor
113.31	0.82074	40.793	0.024514	1.1511	1.9549	114.83	14.819	30.051	183.95	19.849	9.7315	0.0081456	vapor
113.81	0.84634	42.035	0.023789	1.1504	1.9547	114.61	14.868	30.321	184.07	19.677	9.7884	0.0082123	vapor
114.31	0.87251	43.308	0.023090	1.1495	1.9543	114.39	14.918	30.598	184.18	19.506	9.8458	0.0082801	vapor
114.81	0.89926	44.611	0.022416	1.1484	1.9537	114.18	14.969	30.885	184.29	19.338	9.9036	0.0083492	vapor
115.31	0.92660	45.946	0.021765	1.1472	1.9529	113.96	15.021	31.180	184.39	19.170	9.9620	0.0084196	vapor
115.81	0.95452	47.313	0.021136	1.1459	1.9518	113.74	15.073	31.484	184.49	19.005	10.021	0.0084914	vapor
116.31	0.98305	48.712	0.020529	1.1444	1.9506	113.53	15.127	31.798	184.58	18.840	10.080	0.0085645	vapor
116.81	1.0122	50.145	0.019942	1.1428	1.9491	113.31	15.181	32.122	184.66	18.678	10.140	0.0086391	vapor
117.31	1.0419	51.613	0.019375	1.1409	1.9474	113.10	15.237	32.456	184.74	18.516	10.201	0.0087152	vapor
117.81	1.0723	53.115	0.018827	1.1390	1.9454	112.89	15.293	32.802	184.82	18.356	10.262	0.0087929	vapor
118.31	1.1033	54.653	0.018297	1.1368	1.9432	112.67	15.351	33.159	184.89	18.197	10.324	0.0088723	vapor
118.81	1.1349	56.228	0.017785	1.1345	1.9408	112.46	15.409	33.528	184.95	18.039	10.387	0.0089533	vapor
119.31	1.1672	57.841	0.017289	1.1320	1.9381	112.25	15.469	33.909	185.01	17.883	10.450	0.0090362	vapor
119.81	1.2001	59.492	0.016809	1.1294	1.9352	112.04	15.529	34.304	185.07	17.728	10.514	0.0091210	vapor
120.31	1.2337	61.183	0.016344	1.1265	1.9320	111.82	15.591	34.713	185.11	17.573	10.579	0.0092077	vapor
120.81	1.2679	62.915	0.015894	1.1235	1.9285	111.61	15.654	35.136	185.16	17.420	10.644	0.0092965	vapor
121.31	1.3028	64.688	0.015459	1.1203	1.9248	111.40	15.718	35.575	185.19	17.268	10.711	0.0093874	vapor
121.81	1.3384	66.504	0.015037	1.1168	1.9208	111.19	15.784	36.029	185.22	17.116	10.778	0.0094805	vapor
122.31	1.3747	68.364	0.014628	1.1132	1.9165	110.98	15.851	36.501	185.25	16.966	10.846	0.0095760	vapor
122.81	1.4116	70.269	0.014231	1.1094	1.9119	110.77	15.919	36.991	185.27	16.816	10.915	0.0096740	vapor
123.31	1.4493	72.220	0.013847	1.1054	1.9071	110.56	15.988	37.499	185.28	16.667	10.984	0.0097746	vapor
123.81	1.4877	74.219	0.013474	1.1011	1.9019	110.34	16.059	38.027	185.28	16.519	11.055	0.0098779	vapor
124.31	1.5268	76.267	0.013112	1.0967	1.8964	110.13	16.131	38.577	185.29	16.371	11.127	0.0099840	vapor
124.81	1.5667	78.365	0.012761	1.0920	1.8906	109.92	16.205	39.149	185.28	16.224	11.200	0.010093	vapor
125.31	1.6072	80.515	0.012420	1.0871	1.8845	109.71	16.281	39.744	185.27	16.078	11.274	0.010205	vapor
125.81	1.6485	82.719	0.012089	1.0819	1.8780	109.50	16.358	40.365	185.25	15.932	11.349	0.010321	vapor
126.31	1.6906	84.978	0.011768	1.0765	1.8712	109.28	16.436	41.012	185.23	15.786	11.425	0.010440	vapor
126.81	1.7334	87.294	0.011456	1.0708	1.8641	109.07	16.517	41.687	185.20	15.641	11.503	0.010563	vapor
127.31	1.7770	89.668	0.011152	1.0649	1.8566	108.86	16.599	42.393	185.16	15.496	11.582	0.010689	vapor
127.81	1.8214	92.103	0.010857	1.0587	1.8487	108.64	16.683	43.131	185.11	15.351	11.662	0.010820	vapor
128.31	1.8665	94.601	0.010571	1.0522	1.8404	108.43	16.769	43.903	185.06	15.207	11.744	0.010955	vapor
128.81	1.9125	97.164	0.010292	1.0455	1.8318	108.21	16.857	44.711	185.01	15.063	11.827	0.011094	vapor
129.31	1.9592	99.794	0.010021	1.0384	1.8227	107.99	16.947	45.559	184.94	14.919	11.912	0.011239	vapor
129.81	2.0068	102.49	0.0097567	1.0311	1.8132	107.77	17.040	46.449	184.87	14.775	11.998	0.011388	vapor
130.31	2.0551	105.26	0.0094998	1.0234	1.8033	107.56	17.134	47.384	184.80	14.630	12.087	0.011543	vapor
130.81	2.1043	108.11	0.0092497	1.0154	1.7930	107.34	17.230	48.368	184.72	14.486	12.177	0.011704	vapor
131.31	2.1544	111.04	0.0090061	1.0071	1.7822	107.11	17.329	49.404	184.63	14.342	12.269	0.011871	vapor
131.81	2.2053	114.04	0.0087687	0.99840	1.7709	106.89	17.431	50.498	184.53	14.198	12.362	0.012044	vapor
132.31	2.2570	117.13	0.0085374	0.98935	1.7591	106.67	17.535	51.653	184.43	14.053	12.459	0.012224	vapor
132.81	2.3096	120.31	0.0083119	0.97992	1.7468	106.44	17.642	52.876	184.32	13.907	12.557	0.012412	vapor
133.31	2.3631	123.58	0.0080921	0.97009	1.7340	106.21	17.752	54.172	184.20	13.762	12.658	0.012607	vapor
133.81	2.4174	126.94	0.0078775	0.95984	1.7206	105.98	17.865	55.548	184.07	13.615	12.761	0.012811	vapor
134.31	2.4727	130.41	0.0076682	0.94917	1.7066	105.75	17.983	57.013	183.94	13.468	12.867	0.013024	vapor
134.81	2.5288	133.98	0.0074639	0.93805	1.6921	105.51	18.104	58.574	183.79	13.320	12.975	0.013247	vapor
135.31	2.5859	137.66	0.0072643	0.92645	1.6769	105.28	18.230	60.243	183.64	13.171	13.087	0.013481	vapor
135.81	2.6439	141.46	0.0070694	0.91435	1.6610	105.04	18.361	62.029	183.48	13.020	13.201	0.013726	vapor
136.31	2.7028	145.37	0.0068788	0.90174	1.6445	104.80	18.497	63.947	183.30	12.869	13.319	0.013983	vapor
136.81	2.7627	149.42	0.0066925	0.88858	1.6272	104.55	18.639	66.010	183.11	12.715	13.441	0.014254	vapor
137.31	2.8235	153.60	0.0065103	0.87483	1.6091	104.30	18.789	68.236	182.91	12.560	13.566	0.014539	vapor
137.81	2.8853	157.93	0.0063319	0.86048	1.5903	104.05	18.945	70.645	182.69	12.403	13.695	0.014840	vapor
138.31	2.9481	162.41	0.0061573	0.84549	1.5706	103.79	19.109	73.259	182.45	12.244	13.829	0.015159	vapor
138.81	3.0118	167.05	0.0059862	0.82981	1.5501	103.53	19.282	76.105	182.20	12.082	13.967	0.015496	vapor
139.31	3.0766	171.86	0.0058185	0.81340	1.5285	103.27	19.465	79.213	181.92	11.918	14.110	0.015854	vapor
139.81	3.1424	176.86	0.0056541	0.79622	1.5060	103.00	19.658	82.622	181.62	11.752	14.259	0.016236	vapor
140.31	3.2092	182.06	0.0054926	0.77820	1.4824	102.72	19.862	86.375	181.30	11.582	14.413	0.016643	vapor
140.81	3.2771	187.47	0.0053341	0.75930	1.4576	102.44	20.079	90.525	180.95	11.409	14.574	0.017078	vapor
141.31	3.3460	193.12	0.0051782	0.73943	1.4316	102.16	20.310	95.137	180.58	11.233	14.742	0.017545	vapor
141.81	3.4160	199.01	0.0050249	0.71853	1.4042	101.86	20.556	100.29	180.17	11.053	14.917	0.018048	vapor
142.31	3.4871	205.18	0.0048739	0.69650	1.3754	101.56	20.818	106.08	179.73	10.869	15.100	0.018591	vapor
142.81	3.5593	211.64	0.0047250	0.67325	1.3451	101.25	21.099	112.64	179.25	10.681	15.292	0.019181	vapor
143.31	3.6326	218.43	0.0045780	0.64864	1.3130	100.93	21.400	120.12	178.73	10.487	15.495	0.019824	vapor
143.81	3.7071	225.59	0.0044327	0.62254	1.2790	100.60	21.726	128.72	178.16	10.289	15.708	0.020529	vapor
144.31	3.7827	233.16	0.0042889	0.59477	1.2429	100.26	22.078	138.72	177.54	10.084	15.935	0.021305	vapor
144.81	3.8595	241.19	0.0041461	0.56514	1.2044	99.904	22.461	150.49	176.85	9.8732	16.176	0.022168	vapor
145.31	3.9375	249.74	0.0040042	0.53340	1.1632	99.533	22.881	164.51	176.09	9.6546	16.433	0.023134	vapor
145.81	4.0167	258.89	0.0038626	0.49922	1.1190	99.143	23.345	181.52	175.25	9.4273	16.710	0.024228	vapor
146.31	4.0972	268.75	0.0037209	0.46222	1.0713	98.733	23.862	202.55	174.29	9.1900	17.010	0.025480	vapor
146.81	4.1790	279.44	0.0035785	0.42187	1.0193	98.297	24.446	229.21	173.21	8.9410	17.338	0.026937	vapor
147.31	4.2621	291.15	0.0034346	0.37747	0.96226	97.830	25.114	264.06	171.95	8.6779	17.701	0.028666	vapor
147.81	4.3466	304.14	0.0032880	0.32803	0.89895	97.324	25.896	311.50	170.47	8.3974	18.107	0.030772	vapor
148.31	4.4324	318.77	0.0031371	0.27209	0.82756	96.768	26.832	379.75	168.68	8.0948	18.573	0.033429	vapor
148.81	4.5197	335.65	0.0029793	0.20729	0.74521	96.141	27.995	485.99	166.44	7.7626	19.122	0.036958	vapor
149.31	4.6086	355.88	0.0028099	0.12948	0.64680	95.412	29.515	673.15	163.48	7.3885	19.800	0.042040	vapor
149.81	4.6990	381.78	0.0026193	0.029774	0.52147	94.509	31.679	1085.6	159.26	6.9468	20.709	0.050522	vapor
150.31	4.7913	420.66	0.0023772	-0.11932	0.33569	93.209	35.343	2671.0	152.07	6.3651	22.184	0.070895	vapor