Temperature (K)	Pressure (MPa)	Density (kg/m3)	Volume (m3/kg)	Internal Energy (kJ/mol)	Enthalpy (kJ/mol)	Entropy (J/mol*K)	Cv (J/mol*K)	Cp (J/mol*K)	Sound Spd. (m/s)	Joule-Thomson (K/MPa)	Viscosity (uPa*s)	Therm. Cond. (W/m*K)	Surf. Tension (N/m)	Phase
13.957	0.0073578	77.004	0.012986	-0.10890	-0.10871	-6.1934	10.405	14.154	1269.2	-1.5758	25.587	0.097561	0.0030324	liquid
14.207	0.0084751	76.799	0.013021	-0.10535	-0.10513	-5.9414	10.422	14.280	1264.0	-1.5574	24.792	0.097974	0.0029883	liquid
14.457	0.0097186	76.593	0.013056	-0.10177	-0.10151	-5.6914	10.453	14.427	1258.7	-1.5368	24.043	0.098374	0.0029443	liquid
14.707	0.011097	76.384	0.013092	-0.098149	-0.097857	-5.4430	10.493	14.589	1253.3	-1.5147	23.335	0.098760	0.0029002	liquid
14.957	0.012621	76.173	0.013128	-0.094488	-0.094154	-5.1961	10.537	14.763	1248.0	-1.4916	22.664	0.099132	0.0028562	liquid
15.207	0.014299	75.959	0.013165	-0.090783	-0.090404	-4.9504	10.586	14.946	1242.6	-1.4678	22.027	0.099491	0.0028123	liquid
15.457	0.016140	75.743	0.013203	-0.087033	-0.086604	-4.7058	10.635	15.135	1237.2	-1.4435	21.421	0.099835	0.0027683	liquid
15.707	0.018156	75.524	0.013241	-0.083236	-0.082752	-4.4620	10.685	15.330	1231.8	-1.4190	20.844	0.10016	0.0027244	liquid
15.957	0.020357	75.302	0.013280	-0.079391	-0.078846	-4.2190	10.734	15.530	1226.4	-1.3943	20.294	0.10048	0.0026805	liquid
16.207	0.022752	75.078	0.013320	-0.075498	-0.074887	-3.9768	10.782	15.734	1221.0	-1.3696	19.768	0.10078	0.0026366	liquid
16.457	0.025352	74.850	0.013360	-0.071554	-0.070871	-3.7352	10.828	15.941	1215.5	-1.3449	19.265	0.10107	0.0025928	liquid
16.707	0.028169	74.619	0.013401	-0.067561	-0.066800	-3.4943	10.874	16.152	1209.9	-1.3202	18.783	0.10134	0.0025490	liquid
16.957	0.031212	74.385	0.013444	-0.063516	-0.062670	-3.2538	10.917	16.366	1204.3	-1.2955	18.322	0.10160	0.0025052	liquid
17.207	0.034493	74.148	0.013486	-0.059420	-0.058483	-3.0139	10.959	16.583	1198.7	-1.2709	17.878	0.10185	0.0024615	liquid
17.457	0.038023	73.908	0.013530	-0.055272	-0.054235	-2.7744	11.000	16.803	1192.9	-1.2462	17.453	0.10208	0.0024177	liquid
17.707	0.041814	73.664	0.013575	-0.051072	-0.049927	-2.5352	11.040	17.027	1187.1	-1.2216	17.043	0.10229	0.0023741	liquid
17.957	0.045875	73.418	0.013621	-0.046817	-0.045558	-2.2965	11.078	17.255	1181.2	-1.1969	16.649	0.10250	0.0023304	liquid
18.207	0.050220	73.167	0.013667	-0.042509	-0.041126	-2.0580	11.115	17.487	1175.2	-1.1722	16.270	0.10268	0.0022868	liquid
18.457	0.054859	72.913	0.013715	-0.038147	-0.036630	-1.8197	11.152	17.723	1169.1	-1.1474	15.904	0.10286	0.0022433	liquid
18.707	0.059805	72.656	0.013764	-0.033728	-0.032069	-1.5816	11.187	17.964	1162.9	-1.1225	15.552	0.10302	0.0021997	liquid
18.957	0.065068	72.395	0.013813	-0.029254	-0.027442	-1.3437	11.222	18.209	1156.6	-1.0976	15.211	0.10316	0.0021563	liquid
19.207	0.070661	72.130	0.013864	-0.024722	-0.022747	-1.1058	11.257	18.459	1150.2	-1.0725	14.882	0.10329	0.0021128	liquid
19.457	0.076595	71.861	0.013916	-0.020132	-0.017984	-0.86802	11.291	18.715	1143.7	-1.0472	14.565	0.10341	0.0020695	liquid
19.707	0.082883	71.589	0.013969	-0.015484	-0.013150	-0.63019	11.324	18.977	1137.1	-1.0218	14.257	0.10351	0.0020261	liquid
19.957	0.089535	71.313	0.014023	-0.010775	-0.0082439	-0.39228	11.358	19.245	1130.3	-0.99620	13.960	0.10360	0.0019828	liquid
20.207	0.096565	71.032	0.014078	-0.0060052	-0.0032647	-0.15425	11.391	19.519	1123.4	-0.97037	13.672	0.10367	0.0019396	liquid
20.457	0.10398	70.748	0.014135	-0.0011733	0.0017896	0.083962	11.423	19.800	1116.4	-0.94430	13.393	0.10373	0.0018964	liquid
20.707	0.11181	70.459	0.014193	0.0037219	0.0069207	0.32241	11.456	20.088	1109.3	-0.91795	13.122	0.10378	0.0018533	liquid
20.957	0.12004	70.166	0.014252	0.0086816	0.012130	0.56116	11.488	20.384	1102.0	-0.89132	12.860	0.10381	0.0018103	liquid
21.207	0.12870	69.868	0.014313	0.013707	0.017420	0.80026	11.520	20.689	1094.6	-0.86436	12.605	0.10382	0.0017673	liquid
21.457	0.13780	69.566	0.014375	0.018800	0.022793	1.0398	11.552	21.002	1087.1	-0.83704	12.357	0.10383	0.0017244	liquid
21.707	0.14735	69.259	0.014439	0.023961	0.028250	1.2798	11.584	21.324	1079.4	-0.80935	12.117	0.10381	0.0016815	liquid
21.957	0.15736	68.947	0.014504	0.029192	0.033793	1.5203	11.616	21.656	1071.6	-0.78125	11.883	0.10378	0.0016388	liquid
22.207	0.16784	68.631	0.014571	0.034495	0.039425	1.7614	11.648	21.998	1063.7	-0.75269	11.655	0.10374	0.0015961	liquid
22.457	0.17881	68.309	0.014639	0.039871	0.045148	2.0032	11.679	22.352	1055.6	-0.72365	11.433	0.10369	0.0015535	liquid
22.707	0.19029	67.982	0.014710	0.045322	0.050965	2.2458	11.711	22.717	1047.3	-0.69410	11.217	0.10361	0.0015109	liquid
22.957	0.20227	67.649	0.014782	0.050850	0.056878	2.4892	11.742	23.096	1038.9	-0.66397	11.007	0.10353	0.0014685	liquid
23.207	0.21478	67.311	0.014856	0.056457	0.062889	2.7334	11.774	23.488	1030.4	-0.63324	10.801	0.10343	0.0014262	liquid
23.457	0.22783	66.967	0.014933	0.062144	0.069002	2.9786	11.805	23.894	1021.7	-0.60186	10.601	0.10331	0.0013839	liquid
23.707	0.24142	66.617	0.015011	0.067915	0.075220	3.2249	11.836	24.317	1012.8	-0.56976	10.405	0.10318	0.0013418	liquid
23.957	0.25558	66.261	0.015092	0.073771	0.081546	3.4723	11.868	24.756	1003.8	-0.53691	10.214	0.10303	0.0012998	liquid
24.207	0.27031	65.898	0.015175	0.079714	0.087983	3.7209	11.899	25.214	994.59	-0.50323	10.026	0.10287	0.0012579	liquid
24.457	0.28563	65.529	0.015260	0.085749	0.094536	3.9709	11.930	25.691	985.21	-0.46867	9.8432	0.10271	0.0012161	liquid
24.707	0.30156	65.152	0.015349	0.091876	0.10121	4.2223	11.962	26.191	975.65	-0.43315	9.6636	0.10255	0.0011744	liquid
24.957	0.31809	64.768	0.015440	0.098100	0.10800	4.4752	11.993	26.714	965.91	-0.39659	9.4877	0.10236	0.0011329	liquid
25.207	0.33525	64.377	0.015534	0.10442	0.11492	4.7298	12.025	27.263	955.98	-0.35892	9.3150	0.10216	0.0010915	liquid
25.457	0.35305	63.977	0.015631	0.11085	0.12198	4.9862	12.057	27.839	945.84	-0.32004	9.1455	0.10195	0.0010503	liquid
25.707	0.37151	63.569	0.015731	0.11739	0.12917	5.2445	12.089	28.447	935.50	-0.27985	8.9789	0.10171	0.0010092	liquid
25.957	0.39063	63.152	0.015835	0.12403	0.13650	5.5048	12.121	29.090	924.95	-0.23824	8.8151	0.10146	0.00096836	liquid
26.207	0.41043	62.725	0.015942	0.13079	0.14398	5.7674	12.154	29.769	914.17	-0.19510	8.6539	0.10119	0.00092765	liquid
26.457	0.43092	62.289	0.016054	0.13768	0.15162	6.0324	12.187	30.491	903.15	-0.15027	8.4950	0.10091	0.00088715	liquid
26.707	0.45212	61.843	0.016170	0.14468	0.15942	6.3000	12.220	31.260	891.90	-0.10362	8.3383	0.10060	0.00084685	liquid
26.957	0.47404	61.385	0.016291	0.15183	0.16739	6.5703	12.255	32.081	880.39	-0.054981	8.1835	0.10028	0.00080677	liquid
27.207	0.49670	60.916	0.016416	0.15911	0.17554	6.8437	12.290	32.961	868.61	-0.0041632	8.0306	0.099942	0.00076694	liquid
27.457	0.52010	60.434	0.016547	0.16653	0.18388	7.1204	12.326	33.907	856.54	0.049041	7.8793	0.099582	0.00072736	liquid
27.707	0.54427	59.938	0.016684	0.17412	0.19242	7.4006	12.363	34.930	844.18	0.10487	7.7294	0.099202	0.00068806	liquid
27.957	0.56922	59.428	0.016827	0.18186	0.20117	7.6847	12.401	36.038	831.51	0.16358	7.5806	0.098802	0.00064905	liquid
28.207	0.59496	58.903	0.016977	0.18979	0.21015	7.9731	12.441	37.247	818.50	0.22549	7.4328	0.098380	0.00061037	liquid
28.457	0.62151	58.361	0.017135	0.19789	0.21936	8.2661	12.483	38.571	805.14	0.29094	7.2858	0.097935	0.00057203	liquid
28.707	0.64889	57.801	0.017301	0.20620	0.22883	8.5642	12.527	40.030	791.39	0.36034	7.1392	0.097468	0.00053408	liquid
28.957	0.67711	57.221	0.017476	0.21473	0.23858	8.8680	12.574	41.649	777.24	0.43415	6.9929	0.096976	0.00049654	liquid
29.207	0.70619	56.619	0.017662	0.22349	0.24863	9.1781	12.623	43.457	762.65	0.51292	6.8465	0.096460	0.00045946	liquid
29.457	0.73615	55.994	0.017859	0.23250	0.25901	9.4952	12.677	45.494	747.60	0.59729	6.6996	0.095918	0.00042287	liquid
29.707	0.76700	55.341	0.018070	0.24180	0.26974	9.8202	12.734	47.810	732.03	0.68804	6.5520	0.095350	0.00038684	liquid
29.957	0.79876	54.659	0.018295	0.25140	0.28086	10.154	12.797	50.472	715.90	0.78606	6.4031	0.094754	0.00035143	liquid
30.207	0.83147	53.942	0.018538	0.26136	0.29243	10.498	12.865	53.568	699.16	0.89250	6.2525	0.094132	0.00031671	liquid
30.457	0.86513	53.187	0.018802	0.27171	0.30450	10.854	12.941	57.224	681.75	1.0087	6.0996	0.093484	0.00028277	liquid
30.707	0.89977	52.387	0.019089	0.28250	0.31713	11.224	13.026	61.615	663.58	1.1365	5.9436	0.092814	0.00024972	liquid
30.957	0.93541	51.534	0.019405	0.29383	0.33042	11.610	13.122	67.000	644.57	1.2779	5.7836	0.092128	0.00021769	liquid
31.207	0.97209	50.617	0.019756	0.30577	0.34448	12.016	13.232	73.778	624.60	1.4359	5.6184	0.091438	0.00018685	liquid
31.457	1.0098	49.623	0.020152	0.31846	0.35949	12.447	13.360	82.590	603.52	1.6143	5.4464	0.090770	0.00015742	liquid
31.707	1.0487	48.531	0.020605	0.33210	0.37566	12.908	13.511	94.546	581.14	1.8184	5.2653	0.090172	0.00012969	liquid
31.957	1.0887	47.311	0.021137	0.34696	0.39335	13.411	13.694	111.74	557.18	2.0559	5.0718	0.089742	0.00010405	liquid
32.207	1.1298	45.912	0.021781	0.36352	0.41313	13.972	13.923	138.60	531.26	2.3385	4.8605	0.089686	8.1066e-05	liquid
32.457	1.1723	44.244	0.022602	0.38262	0.43603	14.622	14.223	186.45	502.76	2.6862	4.6219	0.090459	6.1630e-05	liquid
32.707	1.2161	42.110	0.023747	0.40611	0.46432	15.427	14.644	294.46	470.49	3.1389	4.3357	0.093255	4.7209e-05	liquid
32.957	1.2613	38.894	0.025711	0.43992	0.50529	16.606	15.338	732.59	431.51	3.8095	3.9402	0.10366	4.0401e-05	liquid
13.957	0.0073578	0.12985	7.7010	0.69178	0.80600	59.344	12.586	21.296	307.14	29.221	0.64525	0.010601	vapor
14.207	0.0084751	0.14719	6.7940	0.69457	0.81064	58.518	12.605	21.359	309.57	28.530	0.65906	0.010838	vapor
14.457	0.0097186	0.16616	6.0182	0.69734	0.81524	57.721	12.623	21.424	311.95	27.865	0.67283	0.011076	vapor
14.707	0.011097	0.18687	5.3513	0.70008	0.81979	56.952	12.642	21.492	314.29	27.227	0.68658	0.011316	vapor
14.957	0.012621	0.20940	4.7757	0.70279	0.82429	56.210	12.659	21.563	316.58	26.616	0.70029	0.011558	vapor
15.207	0.014299	0.23383	4.2765	0.70547	0.82874	55.492	12.677	21.637	318.83	26.033	0.71398	0.011801	vapor
15.457	0.016140	0.26028	3.8421	0.70812	0.83313	54.797	12.694	21.714	321.05	25.477	0.72764	0.012047	vapor
15.707	0.018156	0.28882	3.4624	0.71073	0.83746	54.124	12.710	21.795	323.22	24.948	0.74129	0.012295	vapor
15.957	0.020357	0.31955	3.1294	0.71331	0.84173	53.472	12.726	21.878	325.35	24.443	0.75491	0.012544	vapor
16.207	0.022752	0.35257	2.8363	0.71586	0.84594	52.840	12.741	21.966	327.44	23.961	0.76853	0.012796	vapor
16.457	0.025352	0.38798	2.5775	0.71836	0.85009	52.226	12.755	22.057	329.49	23.502	0.78213	0.013051	vapor
16.707	0.028169	0.42586	2.3482	0.72083	0.85417	51.630	12.770	22.152	331.50	23.064	0.79572	0.013308	vapor
16.957	0.031212	0.46633	2.1444	0.72325	0.85817	51.051	12.784	22.253	333.48	22.645	0.80931	0.013568	vapor
17.207	0.034493	0.50948	1.9628	0.72563	0.86211	50.487	12.798	22.358	335.41	22.244	0.82290	0.013830	vapor
17.457	0.038023	0.55541	1.8005	0.72796	0.86596	49.938	12.811	22.468	337.30	21.861	0.83649	0.014096	vapor
17.707	0.041814	0.60423	1.6550	0.73024	0.86975	49.403	12.825	22.583	339.16	21.492	0.85009	0.014365	vapor
17.957	0.045875	0.65605	1.5243	0.73248	0.87345	48.882	12.839	22.705	340.97	21.139	0.86369	0.014636	vapor
18.207	0.050220	0.71096	1.4065	0.73467	0.87706	48.373	12.853	22.833	342.75	20.798	0.87731	0.014912	vapor
18.457	0.054859	0.76909	1.3002	0.73680	0.88060	47.876	12.868	22.968	344.49	20.470	0.89095	0.015190	vapor
18.707	0.059805	0.83053	1.2040	0.73888	0.88404	47.390	12.883	23.110	346.18	20.153	0.90461	0.015472	vapor
18.957	0.065068	0.89542	1.1168	0.74091	0.88740	46.915	12.898	23.259	347.84	19.847	0.91829	0.015758	vapor
19.207	0.070661	0.96385	1.0375	0.74288	0.89066	46.450	12.914	23.416	349.45	19.550	0.93201	0.016048	vapor
19.457	0.076595	1.0360	0.96528	0.74479	0.89383	45.995	12.931	23.582	351.03	19.262	0.94576	0.016342	vapor
19.707	0.082883	1.1119	0.89938	0.74663	0.89690	45.549	12.949	23.756	352.56	18.983	0.95956	0.016641	vapor
19.957	0.089535	1.1917	0.83913	0.74842	0.89987	45.111	12.967	23.940	354.05	18.711	0.97340	0.016943	vapor
20.207	0.096565	1.2756	0.78394	0.75014	0.90274	44.682	12.987	24.133	355.51	18.447	0.98730	0.017250	vapor
20.457	0.10398	1.3637	0.73330	0.75179	0.90551	44.261	13.008	24.337	356.92	18.189	1.0012	0.017562	vapor
20.707	0.11181	1.4561	0.68676	0.75338	0.90817	43.846	13.029	24.552	358.28	17.938	1.0153	0.017879	vapor
20.957	0.12004	1.5530	0.64391	0.75490	0.91072	43.439	13.052	24.779	359.61	17.692	1.0294	0.018200	vapor
21.207	0.12870	1.6545	0.60440	0.75635	0.91315	43.038	13.077	25.017	360.90	17.452	1.0435	0.018527	vapor
21.457	0.13780	1.7609	0.56790	0.75772	0.91547	42.643	13.102	25.269	362.14	17.217	1.0578	0.018860	vapor
21.707	0.14735	1.8721	0.53415	0.75901	0.91767	42.254	13.129	25.534	363.34	16.987	1.0721	0.019198	vapor
21.957	0.15736	1.9885	0.50289	0.76023	0.91976	41.870	13.157	25.814	364.50	16.761	1.0866	0.019542	vapor
22.207	0.16784	2.1102	0.47389	0.76137	0.92171	41.492	13.187	26.109	365.62	16.540	1.1011	0.019892	vapor
22.457	0.17881	2.2373	0.44696	0.76243	0.92354	41.118	13.218	26.420	366.69	16.323	1.1158	0.020249	vapor
22.707	0.19029	2.3702	0.42191	0.76340	0.92525	40.748	13.250	26.748	367.72	16.109	1.1306	0.020613	vapor
22.957	0.20227	2.5089	0.39858	0.76429	0.92681	40.383	13.284	27.096	368.71	15.900	1.1456	0.020983	vapor
23.207	0.21478	2.6537	0.37683	0.76509	0.92824	40.022	13.320	27.462	369.66	15.694	1.1607	0.021361	vapor
23.457	0.22783	2.8049	0.35652	0.76579	0.92953	39.664	13.357	27.850	370.56	15.491	1.1760	0.021747	vapor
23.707	0.24142	2.9626	0.33754	0.76640	0.93067	39.309	13.395	28.261	371.43	15.291	1.1914	0.022141	vapor
23.957	0.25558	3.1272	0.31978	0.76691	0.93167	38.958	13.436	28.696	372.24	15.094	1.2070	0.022543	vapor
24.207	0.27031	3.2989	0.30314	0.76732	0.93251	38.609	13.478	29.157	373.02	14.900	1.2229	0.022954	vapor
24.457	0.28563	3.4779	0.28753	0.76763	0.93319	38.262	13.522	29.647	373.75	14.709	1.2389	0.023375	vapor
24.707	0.30156	3.6647	0.27288	0.76783	0.93371	37.917	13.567	30.168	374.44	14.520	1.2552	0.023806	vapor
24.957	0.31809	3.8595	0.25910	0.76791	0.93406	37.574	13.615	30.722	375.09	14.334	1.2718	0.024247	vapor
25.207	0.33525	4.0627	0.24614	0.76788	0.93423	37.233	13.664	31.313	375.69	14.149	1.2886	0.024700	vapor
25.457	0.35305	4.2747	0.23394	0.76773	0.93422	36.893	13.715	31.943	376.25	13.967	1.3057	0.025165	vapor
25.707	0.37151	4.4958	0.22243	0.76745	0.93403	36.553	13.768	32.618	376.77	13.786	1.3232	0.025644	vapor
25.957	0.39063	4.7267	0.21157	0.76703	0.93363	36.215	13.823	33.341	377.25	13.608	1.3410	0.026136	vapor
26.207	0.41043	4.9676	0.20130	0.76648	0.93304	35.876	13.881	34.117	377.68	13.430	1.3591	0.026643	vapor
26.457	0.43092	5.2193	0.19160	0.76579	0.93223	35.537	13.940	34.953	378.07	13.254	1.3777	0.027167	vapor
26.707	0.45212	5.4822	0.18241	0.76495	0.93120	35.198	14.002	35.854	378.42	13.079	1.3967	0.027708	vapor
26.957	0.47404	5.7570	0.17370	0.76394	0.92993	34.858	14.066	36.830	378.73	12.905	1.4162	0.028268	vapor
27.207	0.49670	6.0444	0.16544	0.76277	0.92842	34.516	14.133	37.889	378.99	12.731	1.4362	0.028850	vapor
27.457	0.52010	6.3451	0.15760	0.76142	0.92666	34.173	14.202	39.043	379.21	12.558	1.4567	0.029456	vapor
27.707	0.54427	6.6602	0.15015	0.75988	0.92462	33.827	14.274	40.304	379.39	12.385	1.4779	0.030086	vapor
27.957	0.56922	6.9905	0.14305	0.75814	0.92229	33.478	14.350	41.687	379.53	12.211	1.4998	0.030746	vapor
28.207	0.59496	7.3371	0.13629	0.75619	0.91965	33.127	14.428	43.212	379.62	12.037	1.5224	0.031437	vapor
28.457	0.62151	7.7014	0.12985	0.75400	0.91669	32.771	14.510	44.901	379.67	11.862	1.5458	0.032165	vapor
28.707	0.64889	8.0846	0.12369	0.75157	0.91337	32.410	14.595	46.782	379.68	11.685	1.5701	0.032933	vapor
28.957	0.67711	8.4885	0.11781	0.74888	0.90968	32.044	14.684	48.889	379.65	11.507	1.5954	0.033747	vapor
29.207	0.70619	8.9149	0.11217	0.74589	0.90558	31.671	14.778	51.266	379.58	11.326	1.6219	0.034614	vapor
29.457	0.73615	9.3660	0.10677	0.74258	0.90103	31.290	14.876	53.969	379.46	11.141	1.6496	0.035541	vapor
29.707	0.76700	9.8446	0.10158	0.73893	0.89599	30.901	14.980	57.068	379.31	10.953	1.6788	0.036540	vapor
29.957	0.79876	10.354	0.096584	0.73488	0.89040	30.501	15.089	60.658	379.11	10.760	1.7095	0.037622	vapor
30.207	0.83147	10.897	0.091768	0.73040	0.88422	30.089	15.204	64.866	378.86	10.561	1.7422	0.038803	vapor
30.457	0.86513	11.479	0.087113	0.72543	0.87735	29.663	15.326	69.867	378.58	10.355	1.7770	0.040103	vapor
30.707	0.89977	12.107	0.082599	0.71989	0.86971	29.219	15.455	75.907	378.25	10.140	1.8145	0.041549	vapor
30.957	0.93541	12.786	0.078208	0.71369	0.86117	28.755	15.593	83.348	377.87	9.9136	1.8550	0.043176	vapor
31.207	0.97209	13.529	0.073916	0.70672	0.85157	28.265	15.741	92.743	377.45	9.6740	1.8992	0.045034	vapor
31.457	1.0098	14.347	0.069699	0.69880	0.84069	27.744	15.900	104.98	376.98	9.4172	1.9482	0.047195	vapor
31.707	1.0487	15.262	0.065524	0.68971	0.82823	27.182	16.072	121.56	376.45	9.1383	2.0031	0.049767	vapor
31.957	1.0887	16.301	0.061346	0.67910	0.81373	26.566	16.260	145.30	375.88	8.8300	2.0662	0.052929	vapor
32.207	1.1298	17.513	0.057100	0.66641	0.79646	25.874	16.465	182.09	375.26	8.4808	2.1408	0.056999	vapor
32.457	1.1723	18.985	0.052673	0.65064	0.77512	25.069	16.690	246.60	374.60	8.0703	2.2332	0.062639	vapor
32.707	1.2161	20.906	0.047833	0.62965	0.74691	24.067	16.936	388.13	373.96	7.5564	2.3577	0.071601	vapor
32.957	1.2613	23.873	0.041888	0.59684	0.70335	22.616	17.181	929.53	373.76	6.8137	2.5612	0.091744	vapor
