Temperature (K)	Pressure (MPa)	Density (kg/m3)	Volume (m3/kg)	Internal Energy (kJ/mol)	Enthalpy (kJ/mol)	Entropy (J/mol*K)	Cv (J/mol*K)	Cp (J/mol*K)	Sound Spd. (m/s)	Joule-Thomson (K/MPa)	Viscosity (uPa*s)	Therm. Cond. (W/m*K)	Surf. Tension (N/m)	Phase
115.78	0.073534	2446.6	0.00040872	-0.17515	-0.17263	-1.4580	21.225	43.334	698.95	-0.50798	452.42	0.095186	0.016418	liquid
116.28	0.076670	2442.9	0.00040935	-0.15352	-0.15089	-1.2716	21.184	43.359	696.88	-0.50623	446.44	0.094831	0.016309	liquid
116.78	0.079910	2439.1	0.00040999	-0.13188	-0.12913	-1.0858	21.144	43.386	694.81	-0.50446	440.58	0.094476	0.016201	liquid
117.28	0.083255	2435.3	0.00041062	-0.11023	-0.10736	-0.90073	21.103	43.413	692.75	-0.50264	434.84	0.094121	0.016092	liquid
117.78	0.086708	2431.5	0.00041126	-0.088561	-0.085573	-0.71634	21.063	43.441	690.67	-0.50080	429.21	0.093766	0.015983	liquid
118.28	0.090270	2427.7	0.00041191	-0.066884	-0.063768	-0.53263	21.024	43.470	688.60	-0.49891	423.69	0.093412	0.015875	liquid
118.78	0.093946	2423.9	0.00041255	-0.045194	-0.041946	-0.34959	20.984	43.500	686.53	-0.49700	418.28	0.093057	0.015767	liquid
119.28	0.097735	2420.1	0.00041320	-0.023491	-0.020107	-0.16721	20.945	43.531	684.45	-0.49504	412.98	0.092704	0.015658	liquid
119.78	0.10164	2416.3	0.00041385	-0.0017743	0.0017507	0.014527	20.907	43.562	682.37	-0.49305	407.78	0.092350	0.015550	liquid
120.28	0.10567	2412.5	0.00041451	0.019956	0.023626	0.19562	20.868	43.595	680.29	-0.49103	402.68	0.091997	0.015443	liquid
120.78	0.10982	2408.6	0.00041517	0.041700	0.045521	0.37609	20.830	43.629	678.21	-0.48897	397.68	0.091643	0.015335	liquid
121.28	0.11409	2404.8	0.00041583	0.063459	0.067435	0.55593	20.792	43.663	676.12	-0.48687	392.77	0.091296	0.015227	liquid
121.78	0.11849	2401.0	0.00041650	0.085233	0.089369	0.73515	20.755	43.699	674.04	-0.48473	387.95	0.090946	0.015120	liquid
122.28	0.12302	2397.1	0.00041717	0.10702	0.11132	0.91377	20.717	43.736	671.95	-0.48256	383.23	0.090596	0.015013	liquid
122.78	0.12768	2393.2	0.00041785	0.12883	0.13330	1.0918	20.680	43.773	669.86	-0.48034	378.59	0.090246	0.014906	liquid
123.28	0.13247	2389.4	0.00041852	0.15065	0.15530	1.2692	20.644	43.812	667.76	-0.47809	374.04	0.089896	0.014799	liquid
123.78	0.13740	2385.5	0.00041920	0.17249	0.17731	1.4461	20.607	43.851	665.67	-0.47580	369.57	0.089546	0.014692	liquid
124.28	0.14247	2381.6	0.00041989	0.19434	0.19936	1.6224	20.571	43.892	663.57	-0.47347	365.18	0.089196	0.014585	liquid
124.78	0.14768	2377.7	0.00042058	0.21621	0.22142	1.7981	20.535	43.933	661.47	-0.47110	360.88	0.088846	0.014479	liquid
125.28	0.15304	2373.8	0.00042127	0.23811	0.24351	1.9732	20.499	43.976	659.36	-0.46869	356.65	0.088497	0.014372	liquid
125.78	0.15854	2369.8	0.00042197	0.26001	0.26562	2.1478	20.464	44.020	657.26	-0.46624	352.49	0.088147	0.014266	liquid
126.28	0.16419	2365.9	0.00042267	0.28194	0.28776	2.3219	20.429	44.064	655.15	-0.46374	348.41	0.087798	0.014160	liquid
126.78	0.16999	2362.0	0.00042338	0.30389	0.30992	2.4954	20.394	44.110	653.04	-0.46121	344.41	0.087449	0.014054	liquid
127.28	0.17595	2358.0	0.00042408	0.32585	0.33211	2.6684	20.359	44.157	650.92	-0.45863	340.47	0.087101	0.013949	liquid
127.78	0.18206	2354.1	0.00042480	0.34784	0.35432	2.8409	20.325	44.205	648.81	-0.45600	336.60	0.086752	0.013843	liquid
128.28	0.18834	2350.1	0.00042551	0.36984	0.37656	3.0129	20.291	44.253	646.69	-0.45334	332.80	0.086404	0.013738	liquid
128.78	0.19477	2346.1	0.00042624	0.39187	0.39883	3.1844	20.257	44.303	644.57	-0.45063	329.07	0.086056	0.013633	liquid
129.28	0.20137	2342.1	0.00042696	0.41392	0.42112	3.3554	20.223	44.355	642.44	-0.44787	325.39	0.085708	0.013527	liquid
129.78	0.20814	2338.1	0.00042769	0.43599	0.44345	3.5258	20.190	44.407	640.31	-0.44507	321.78	0.085360	0.013423	liquid
130.28	0.21508	2334.1	0.00042843	0.45808	0.46580	3.6958	20.157	44.460	638.18	-0.44222	318.24	0.085013	0.013318	liquid
130.78	0.22220	2330.1	0.00042917	0.48019	0.48818	3.8654	20.124	44.515	636.05	-0.43933	314.75	0.084665	0.013213	liquid
131.28	0.22948	2326.1	0.00042991	0.50233	0.51060	4.0344	20.091	44.570	633.91	-0.43639	311.31	0.084318	0.013109	liquid
131.78	0.23695	2322.0	0.00043066	0.52449	0.53304	4.2030	20.059	44.627	631.77	-0.43339	307.94	0.083971	0.013005	liquid
132.28	0.24460	2318.0	0.00043141	0.54668	0.55552	4.3712	20.027	44.685	629.63	-0.43036	304.62	0.083625	0.012900	liquid
132.78	0.25243	2313.9	0.00043217	0.56888	0.57803	4.5389	19.995	44.744	627.48	-0.42727	301.36	0.083278	0.012796	liquid
133.28	0.26044	2309.8	0.00043293	0.59112	0.60056	4.7061	19.963	44.805	625.33	-0.42413	298.14	0.082932	0.012693	liquid
133.78	0.26865	2305.8	0.00043370	0.61337	0.62314	4.8729	19.931	44.866	623.18	-0.42094	294.98	0.082586	0.012589	liquid
134.28	0.27705	2301.7	0.00043447	0.63566	0.64574	5.0393	19.900	44.929	621.02	-0.41769	291.87	0.082240	0.012486	liquid
134.78	0.28564	2297.5	0.00043525	0.65797	0.66839	5.2053	19.869	44.993	618.86	-0.41440	288.81	0.081894	0.012382	liquid
135.28	0.29443	2293.4	0.00043603	0.68030	0.69106	5.3709	19.838	45.059	616.70	-0.41105	285.80	0.081549	0.012279	liquid
135.78	0.30342	2289.3	0.00043682	0.70267	0.71377	5.5360	19.808	45.125	614.53	-0.40765	282.83	0.081203	0.012176	liquid
136.28	0.31262	2285.2	0.00043761	0.72506	0.73652	5.7008	19.777	45.193	612.36	-0.40419	279.91	0.080858	0.012074	liquid
136.78	0.32202	2281.0	0.00043841	0.74748	0.75931	5.8652	19.747	45.263	610.18	-0.40068	277.04	0.080514	0.011971	liquid
137.28	0.33163	2276.8	0.00043921	0.76992	0.78213	6.0291	19.717	45.333	608.00	-0.39711	274.21	0.080169	0.011869	liquid
137.78	0.34145	2272.6	0.00044002	0.79240	0.80499	6.1927	19.688	45.405	605.82	-0.39348	271.42	0.079824	0.011766	liquid
138.28	0.35148	2268.4	0.00044083	0.81491	0.82789	6.3560	19.658	45.479	603.64	-0.38980	268.67	0.079480	0.011664	liquid
138.78	0.36173	2264.2	0.00044165	0.83744	0.85083	6.5188	19.629	45.554	601.45	-0.38605	265.97	0.079136	0.011562	liquid
139.28	0.37220	2260.0	0.00044247	0.86001	0.87381	6.6813	19.600	45.630	599.25	-0.38225	263.31	0.078792	0.011461	liquid
139.78	0.38289	2255.8	0.00044331	0.88260	0.89683	6.8435	19.571	45.708	597.05	-0.37838	260.68	0.078448	0.011359	liquid
140.28	0.39381	2251.5	0.00044414	0.90523	0.91989	7.0053	19.542	45.787	594.85	-0.37445	258.09	0.078105	0.011258	liquid
140.78	0.40496	2247.3	0.00044498	0.92789	0.94299	7.1667	19.514	45.868	592.65	-0.37046	255.54	0.077761	0.011157	liquid
141.28	0.41634	2243.0	0.00044583	0.95059	0.96614	7.3278	19.486	45.950	590.44	-0.36640	253.03	0.077418	0.011056	liquid
141.78	0.42795	2238.7	0.00044669	0.97331	0.98933	7.4886	19.458	46.034	588.22	-0.36228	250.55	0.077075	0.010955	liquid
142.28	0.43980	2234.4	0.00044755	0.99607	1.0126	7.6491	19.430	46.119	586.00	-0.35809	248.11	0.076732	0.010854	liquid
142.78	0.45189	2230.1	0.00044841	1.0189	1.0358	7.8093	19.403	46.206	583.78	-0.35383	245.70	0.076390	0.010754	liquid
143.28	0.46422	2225.7	0.00044929	1.0417	1.0592	7.9691	19.375	46.295	581.55	-0.34950	243.33	0.076047	0.010654	liquid
143.78	0.47680	2221.4	0.00045017	1.0646	1.0825	8.1287	19.348	46.385	579.32	-0.34511	240.99	0.075705	0.010553	liquid
144.28	0.48963	2217.0	0.00045105	1.0875	1.1060	8.2879	19.321	46.477	577.08	-0.34064	238.68	0.075363	0.010454	liquid
144.78	0.50271	2212.7	0.00045195	1.1104	1.1294	8.4469	19.295	46.571	574.83	-0.33610	236.40	0.075021	0.010354	liquid
145.28	0.51604	2208.3	0.00045285	1.1334	1.1529	8.6055	19.268	46.667	572.59	-0.33148	234.16	0.074679	0.010254	liquid
145.78	0.52963	2203.8	0.00045375	1.1564	1.1765	8.7639	19.242	46.764	570.33	-0.32679	231.94	0.074338	0.010155	liquid
146.28	0.54348	2199.4	0.00045467	1.1794	1.2001	8.9220	19.216	46.863	568.08	-0.32203	229.76	0.073996	0.010056	liquid
146.78	0.55759	2195.0	0.00045559	1.2025	1.2238	9.0799	19.190	46.964	565.81	-0.31718	227.60	0.073655	0.0099569	liquid
147.28	0.57197	2190.5	0.00045651	1.2256	1.2475	9.2375	19.165	47.067	563.55	-0.31226	225.47	0.073314	0.0098582	liquid
147.78	0.58661	2186.0	0.00045745	1.2488	1.2713	9.3948	19.140	47.172	561.27	-0.30725	223.37	0.072973	0.0097596	liquid
148.28	0.60153	2181.6	0.00045839	1.2720	1.2951	9.5519	19.114	47.279	558.99	-0.30217	221.29	0.072633	0.0096613	liquid
148.78	0.61672	2177.0	0.00045934	1.2953	1.3190	9.7088	19.090	47.388	556.71	-0.29699	219.25	0.072292	0.0095631	liquid
149.28	0.63220	2172.5	0.00046030	1.3186	1.3429	9.8654	19.065	47.499	554.42	-0.29174	217.22	0.071952	0.0094652	liquid
149.78	0.64795	2168.0	0.00046126	1.3419	1.3669	10.022	19.040	47.612	552.12	-0.28639	215.23	0.071612	0.0093674	liquid
150.28	0.66398	2163.4	0.00046223	1.3653	1.3910	10.178	19.016	47.727	549.82	-0.28096	213.26	0.071272	0.0092698	liquid
150.78	0.68030	2158.8	0.00046321	1.3887	1.4151	10.334	18.992	47.845	547.51	-0.27543	211.31	0.070932	0.0091725	liquid
151.28	0.69691	2154.2	0.00046420	1.4122	1.4393	10.490	18.969	47.965	545.20	-0.26981	209.38	0.070592	0.0090753	liquid
151.78	0.71382	2149.6	0.00046520	1.4357	1.4635	10.645	18.945	48.087	542.88	-0.26410	207.48	0.070253	0.0089783	liquid
152.28	0.73102	2145.0	0.00046621	1.4592	1.4878	10.801	18.922	48.211	540.55	-0.25829	205.61	0.069914	0.0088816	liquid
152.78	0.74851	2140.3	0.00046722	1.4828	1.5121	10.956	18.899	48.338	538.22	-0.25239	203.75	0.069575	0.0087850	liquid
153.28	0.76631	2135.6	0.00046824	1.5065	1.5366	11.111	18.876	48.467	535.88	-0.24638	201.92	0.069236	0.0086887	liquid
153.78	0.78441	2130.9	0.00046928	1.5302	1.5610	11.266	18.853	48.599	533.54	-0.24027	200.11	0.068897	0.0085926	liquid
154.28	0.80282	2126.2	0.00047032	1.5539	1.5856	11.420	18.831	48.734	531.19	-0.23405	198.32	0.068558	0.0084967	liquid
154.78	0.82154	2121.5	0.00047137	1.5777	1.6102	11.575	18.809	48.871	528.83	-0.22773	196.55	0.068220	0.0084010	liquid
155.28	0.84058	2116.7	0.00047243	1.6016	1.6349	11.729	18.787	49.011	526.46	-0.22130	194.80	0.067882	0.0083055	liquid
155.78	0.85993	2112.0	0.00047350	1.6255	1.6596	11.883	18.766	49.153	524.09	-0.21476	193.07	0.067544	0.0082102	liquid
156.28	0.87960	2107.2	0.00047457	1.6495	1.6844	12.037	18.744	49.299	521.71	-0.20810	191.36	0.067206	0.0081151	liquid
156.78	0.89959	2102.3	0.00047566	1.6735	1.7093	12.191	18.723	49.447	519.32	-0.20133	189.67	0.066868	0.0080203	liquid
157.28	0.91990	2097.5	0.00047676	1.6975	1.7343	12.345	18.702	49.599	516.93	-0.19444	188.00	0.066530	0.0079257	liquid
157.78	0.94055	2092.6	0.00047787	1.7217	1.7593	12.499	18.682	49.753	514.52	-0.18742	186.34	0.066193	0.0078313	liquid
158.28	0.96153	2087.7	0.00047899	1.7458	1.7844	12.652	18.662	49.911	512.11	-0.18028	184.70	0.065856	0.0077371	liquid
158.78	0.98284	2082.8	0.00048012	1.7701	1.8096	12.806	18.642	50.072	509.69	-0.17302	183.08	0.065519	0.0076432	liquid
159.28	1.0045	2077.9	0.00048126	1.7944	1.8349	12.959	18.622	50.236	507.27	-0.16562	181.48	0.065182	0.0075494	liquid
159.78	1.0265	2072.9	0.00048241	1.8187	1.8602	13.112	18.602	50.403	504.83	-0.15809	179.90	0.064845	0.0074560	liquid
160.28	1.0488	2067.9	0.00048357	1.8431	1.8856	13.266	18.583	50.575	502.39	-0.15043	178.33	0.064508	0.0073627	liquid
160.78	1.0715	2062.9	0.00048475	1.8676	1.9111	13.419	18.564	50.749	499.94	-0.14262	176.77	0.064172	0.0072697	liquid
161.28	1.0945	2057.9	0.00048593	1.8921	1.9367	13.572	18.546	50.928	497.48	-0.13467	175.24	0.063836	0.0071769	liquid
161.78	1.1179	2052.8	0.00048713	1.9167	1.9624	13.725	18.528	51.110	495.01	-0.12658	173.71	0.063500	0.0070843	liquid
162.28	1.1416	2047.7	0.00048834	1.9414	1.9881	13.878	18.510	51.296	492.53	-0.11834	172.21	0.063164	0.0069920	liquid
162.78	1.1657	2042.6	0.00048957	1.9661	2.0140	14.031	18.492	51.487	490.04	-0.10994	170.71	0.062828	0.0068999	liquid
163.28	1.1902	2037.5	0.00049080	1.9909	2.0399	14.184	18.475	51.681	487.55	-0.10138	169.23	0.062492	0.0068081	liquid
163.78	1.2150	2032.3	0.00049205	2.0158	2.0659	14.336	18.458	51.880	485.04	-0.092666	167.77	0.062157	0.0067165	liquid
164.28	1.2402	2027.1	0.00049331	2.0407	2.0920	14.489	18.441	52.083	482.52	-0.083784	166.32	0.061821	0.0066251	liquid
164.78	1.2658	2021.9	0.00049459	2.0657	2.1182	14.642	18.425	52.291	480.00	-0.074732	164.88	0.061486	0.0065340	liquid
165.28	1.2917	2016.6	0.00049587	2.0908	2.1445	14.795	18.408	52.504	477.46	-0.065507	163.46	0.061151	0.0064431	liquid
165.78	1.3180	2011.4	0.00049718	2.1160	2.1709	14.948	18.393	52.721	474.92	-0.056102	162.05	0.060816	0.0063525	liquid
166.28	1.3447	2006.0	0.00049849	2.1412	2.1974	15.100	18.377	52.943	472.36	-0.046514	160.65	0.060482	0.0062622	liquid
166.78	1.3718	2000.7	0.00049983	2.1665	2.2240	15.253	18.363	53.171	469.79	-0.036738	159.26	0.060147	0.0061721	liquid
167.28	1.3993	1995.3	0.00050117	2.1919	2.2507	15.406	18.348	53.404	467.21	-0.026768	157.89	0.059813	0.0060822	liquid
167.78	1.4272	1989.9	0.00050253	2.2174	2.2775	15.559	18.334	53.642	464.62	-0.016600	156.53	0.059479	0.0059927	liquid
168.28	1.4554	1984.5	0.00050391	2.2429	2.3044	15.712	18.320	53.887	462.02	-0.0062273	155.18	0.059144	0.0059033	liquid
168.78	1.4841	1979.0	0.00050531	2.2685	2.3314	15.865	18.307	54.137	459.40	0.0043550	153.84	0.058811	0.0058143	liquid
169.28	1.5131	1973.5	0.00050672	2.2942	2.3585	16.018	18.294	54.393	456.78	0.015153	152.51	0.058477	0.0057255	liquid
169.78	1.5426	1967.9	0.00050814	2.3200	2.3857	16.172	18.281	54.656	454.14	0.026173	151.19	0.058143	0.0056370	liquid
170.28	1.5724	1962.4	0.00050959	2.3459	2.4130	16.325	18.269	54.925	451.49	0.037421	149.88	0.057810	0.0055487	liquid
170.78	1.6027	1956.8	0.00051105	2.3719	2.4405	16.478	18.257	55.201	448.82	0.048904	148.58	0.057476	0.0054608	liquid
171.28	1.6334	1951.1	0.00051253	2.3979	2.4681	16.632	18.246	55.484	446.14	0.060629	147.30	0.057143	0.0053731	liquid
171.78	1.6645	1945.4	0.00051403	2.4241	2.4958	16.786	18.235	55.775	443.45	0.072603	146.02	0.056810	0.0052857	liquid
172.28	1.6960	1939.7	0.00051555	2.4503	2.5236	16.939	18.225	56.073	440.75	0.084834	144.75	0.056477	0.0051986	liquid
172.78	1.7280	1933.9	0.00051708	2.4767	2.5516	17.093	18.215	56.379	438.03	0.097330	143.49	0.056144	0.0051117	liquid
173.28	1.7603	1928.1	0.00051864	2.5031	2.5796	17.248	18.206	56.694	435.30	0.11010	142.24	0.055811	0.0050252	liquid
173.78	1.7932	1922.3	0.00052022	2.5297	2.6078	17.402	18.198	57.017	432.55	0.12315	141.00	0.055479	0.0049389	liquid
174.28	1.8264	1916.4	0.00052182	2.5563	2.6362	17.556	18.189	57.348	429.79	0.13649	139.77	0.055146	0.0048530	liquid
174.78	1.8601	1910.4	0.00052344	2.5831	2.6647	17.711	18.182	57.690	427.01	0.15013	138.54	0.054814	0.0047673	liquid
175.28	1.8942	1904.5	0.00052508	2.6099	2.6933	17.866	18.175	58.040	424.21	0.16407	137.32	0.054482	0.0046819	liquid
175.78	1.9287	1898.4	0.00052675	2.6369	2.7221	18.021	18.169	58.401	421.40	0.17834	136.12	0.054150	0.0045969	liquid
176.28	1.9638	1892.4	0.00052844	2.6640	2.7510	18.177	18.163	58.773	418.58	0.19294	134.91	0.053818	0.0045121	liquid
176.78	1.9992	1886.3	0.00053015	2.6912	2.7800	18.333	18.158	59.155	415.73	0.20788	133.72	0.053486	0.0044277	liquid
177.28	2.0351	1880.1	0.00053189	2.7185	2.8092	18.489	18.153	59.549	412.87	0.22317	132.53	0.053154	0.0043436	liquid
177.78	2.0715	1873.9	0.00053365	2.7460	2.8386	18.645	18.150	59.955	409.99	0.23883	131.35	0.052822	0.0042598	liquid
178.28	2.1083	1867.6	0.00053544	2.7736	2.8682	18.802	18.147	60.374	407.09	0.25487	130.18	0.052491	0.0041763	liquid
178.78	2.1456	1861.3	0.00053726	2.8013	2.8979	18.958	18.145	60.806	404.18	0.27130	129.01	0.052159	0.0040932	liquid
179.28	2.1834	1854.9	0.00053910	2.8291	2.9277	19.116	18.143	61.251	401.24	0.28813	127.85	0.051828	0.0040104	liquid
179.78	2.2216	1848.5	0.00054098	2.8571	2.9578	19.274	18.142	61.712	398.29	0.30539	126.69	0.051496	0.0039279	liquid
180.28	2.2604	1842.0	0.00054288	2.8852	2.9880	19.432	18.143	62.187	395.31	0.32308	125.54	0.051165	0.0038457	liquid
180.78	2.2996	1835.5	0.00054481	2.9134	3.0184	19.590	18.144	62.678	392.31	0.34123	124.40	0.050834	0.0037639	liquid
181.28	2.3393	1828.9	0.00054678	2.9418	3.0490	19.749	18.146	63.186	389.29	0.35984	123.26	0.050503	0.0036825	liquid
181.78	2.3794	1822.2	0.00054878	2.9703	3.0798	19.909	18.149	63.712	386.25	0.37895	122.12	0.050172	0.0036014	liquid
182.28	2.4201	1815.5	0.00055081	2.9990	3.1107	20.068	18.153	64.257	383.19	0.39857	120.99	0.049841	0.0035206	liquid
182.78	2.4613	1808.7	0.00055288	3.0279	3.1419	20.229	18.157	64.821	380.11	0.41871	119.86	0.049510	0.0034403	liquid
183.28	2.5029	1801.9	0.00055498	3.0569	3.1733	20.390	18.164	65.406	377.00	0.43941	118.74	0.049179	0.0033603	liquid
183.78	2.5451	1794.9	0.00055713	3.0861	3.2049	20.551	18.171	66.013	373.86	0.46068	117.62	0.048848	0.0032806	liquid
184.28	2.5878	1787.9	0.00055931	3.1155	3.2368	20.713	18.179	66.643	370.70	0.48255	116.51	0.048517	0.0032014	liquid
184.78	2.6309	1780.9	0.00056153	3.1450	3.2688	20.876	18.188	67.299	367.52	0.50505	115.40	0.048187	0.0031225	liquid
185.28	2.6746	1773.7	0.00056379	3.1747	3.3011	21.040	18.199	67.980	364.31	0.52820	114.29	0.047856	0.0030440	liquid
185.78	2.7189	1766.5	0.00056610	3.2047	3.3336	21.204	18.211	68.689	361.07	0.55203	113.19	0.047525	0.0029659	liquid
186.28	2.7636	1759.2	0.00056845	3.2348	3.3664	21.368	18.225	69.427	357.80	0.57657	112.08	0.047194	0.0028882	liquid
186.78	2.8089	1751.8	0.00057085	3.2651	3.3995	21.534	18.240	70.198	354.51	0.60185	110.98	0.046864	0.0028110	liquid
187.28	2.8547	1744.3	0.00057330	3.2956	3.4328	21.700	18.256	71.002	351.18	0.62792	109.88	0.046533	0.0027341	liquid
187.78	2.9011	1736.7	0.00057580	3.3264	3.4664	21.868	18.274	71.841	347.82	0.65481	108.78	0.046202	0.0026577	liquid
188.28	2.9479	1729.1	0.00057835	3.3574	3.5002	22.036	18.294	72.720	344.43	0.68256	107.69	0.045871	0.0025817	liquid
188.78	2.9954	1721.3	0.00058096	3.3886	3.5344	22.205	18.316	73.639	341.01	0.71120	106.59	0.045540	0.0025061	liquid
189.28	3.0434	1713.4	0.00058362	3.4200	3.5689	22.375	18.339	74.603	337.56	0.74080	105.50	0.045209	0.0024310	liquid
189.78	3.0919	1705.5	0.00058635	3.4517	3.6037	22.546	18.365	75.615	334.07	0.77140	104.40	0.044879	0.0023563	liquid
190.28	3.1410	1697.4	0.00058914	3.4837	3.6388	22.718	18.392	76.679	330.54	0.80304	103.31	0.044548	0.0022821	liquid
190.78	3.1907	1689.2	0.00059200	3.5160	3.6743	22.891	18.422	77.797	326.98	0.83580	102.21	0.044217	0.0022084	liquid
191.28	3.2410	1680.9	0.00059493	3.5485	3.7101	23.066	18.454	78.976	323.37	0.86972	101.12	0.043886	0.0021351	liquid
191.78	3.2918	1672.4	0.00059794	3.5814	3.7463	23.241	18.488	80.221	319.73	0.90489	100.02	0.043555	0.0020624	liquid
192.28	3.3432	1663.8	0.00060102	3.6145	3.7829	23.418	18.526	81.537	316.05	0.94136	98.919	0.043224	0.0019901	liquid
192.78	3.3952	1655.1	0.00060418	3.6480	3.8199	23.597	18.565	82.930	312.32	0.97922	97.816	0.042892	0.0019184	liquid
193.28	3.4478	1646.3	0.00060743	3.6818	3.8573	23.777	18.608	84.408	308.55	1.0186	96.711	0.042561	0.0018471	liquid
193.78	3.5010	1637.3	0.00061077	3.7160	3.8952	23.959	18.654	85.979	304.73	1.0595	95.602	0.042230	0.0017764	liquid
194.28	3.5548	1628.1	0.00061421	3.7506	3.9336	24.142	18.704	87.652	300.87	1.1020	94.489	0.041899	0.0017063	liquid
194.78	3.6093	1618.8	0.00061776	3.7856	3.9724	24.328	18.756	89.439	296.95	1.1464	93.372	0.041569	0.0016367	liquid
195.28	3.6643	1609.2	0.00062141	3.8210	4.0118	24.515	18.813	91.350	292.98	1.1926	92.249	0.041238	0.0015677	liquid
195.78	3.7200	1599.5	0.00062518	3.8569	4.0517	24.704	18.874	93.401	288.96	1.2409	91.120	0.040908	0.0014993	liquid
196.28	3.7763	1589.6	0.00062908	3.8932	4.0923	24.896	18.939	95.608	284.89	1.2914	89.984	0.040578	0.0014315	liquid
196.78	3.8332	1579.5	0.00063311	3.9300	4.1334	25.090	19.009	97.988	280.75	1.3442	88.841	0.040248	0.0013644	liquid
197.28	3.8908	1569.2	0.00063729	3.9674	4.1752	25.286	19.084	100.56	276.55	1.3995	87.689	0.039919	0.0012979	liquid
197.78	3.9490	1558.6	0.00064162	4.0053	4.2177	25.486	19.164	103.36	272.29	1.4576	86.527	0.039592	0.0012320	liquid
198.28	4.0079	1547.7	0.00064612	4.0439	4.2609	25.688	19.251	106.42	267.96	1.5186	85.354	0.039265	0.0011668	liquid
198.78	4.0675	1536.6	0.00065080	4.0831	4.3050	25.893	19.344	109.76	263.56	1.5828	84.170	0.038940	0.0011024	liquid
199.28	4.1277	1525.1	0.00065568	4.1231	4.3499	26.103	19.444	113.43	259.09	1.6504	82.972	0.038617	0.0010386	liquid
199.78	4.1886	1513.4	0.00066078	4.1638	4.3957	26.316	19.551	117.49	254.54	1.7219	81.759	0.038297	0.00097565	liquid
200.28	4.2503	1501.2	0.00066612	4.2054	4.4426	26.533	19.667	122.01	249.91	1.7976	80.529	0.037981	0.00091347	liquid
200.78	4.3126	1488.7	0.00067172	4.2478	4.4906	26.755	19.793	127.06	245.19	1.8778	79.280	0.037669	0.00085211	liquid
201.28	4.3756	1475.8	0.00067762	4.2913	4.5398	26.982	19.929	132.74	240.37	1.9631	78.010	0.037363	0.00079161	liquid
201.78	4.4394	1462.3	0.00068384	4.3359	4.5903	27.214	20.076	139.20	235.46	2.0539	76.717	0.037065	0.00073201	liquid
202.28	4.5039	1448.4	0.00069043	4.3818	4.6424	27.454	20.237	146.59	230.44	2.1510	75.396	0.036778	0.00067335	liquid
202.78	4.5692	1433.8	0.00069743	4.4290	4.6961	27.700	20.412	155.14	225.31	2.2552	74.045	0.036504	0.00061567	liquid
203.28	4.6352	1418.6	0.00070492	4.4778	4.7516	27.955	20.604	165.14	220.06	2.3672	72.659	0.036248	0.00055905	liquid
203.78	4.7020	1402.6	0.00071295	4.5285	4.8094	28.219	20.814	177.00	214.68	2.4881	71.232	0.036016	0.00050353	liquid
204.28	4.7696	1385.7	0.00072164	4.5812	4.8696	28.494	21.047	191.29	209.15	2.6194	69.757	0.035816	0.00044919	liquid
204.78	4.8380	1367.8	0.00073109	4.6363	4.9327	28.782	21.306	208.85	203.46	2.7625	68.227	0.035660	0.00039612	liquid
205.28	4.9072	1348.7	0.00074147	4.6943	4.9992	29.086	21.595	230.93	197.60	2.9195	66.630	0.035564	0.00034441	liquid
205.78	4.9773	1328.0	0.00075301	4.7559	5.0700	29.409	21.921	259.51	191.55	3.0930	64.951	0.035551	0.00029419	liquid
206.28	5.0482	1305.5	0.00076601	4.8219	5.1460	29.756	22.293	297.90	185.26	3.2864	63.170	0.035654	0.00024561	liquid
206.78	5.1201	1280.5	0.00078094	4.8937	5.2287	30.134	22.724	352.04	178.72	3.5045	61.259	0.035928	0.00019885	liquid
207.28	5.1928	1252.3	0.00079853	4.9732	5.3206	30.555	23.231	433.72	171.87	3.7540	59.171	0.036467	0.00015418	liquid
207.78	5.2665	1219.4	0.00082007	5.0638	5.4258	31.037	23.844	569.79	164.64	4.0458	56.833	0.037455	0.00011194	liquid
208.28	5.3412	1179.1	0.00084808	5.1724	5.5520	31.619	24.615	835.87	156.91	4.3985	54.107	0.039346	7.2663e-05	liquid
208.78	5.4170	1125.0	0.00088887	5.3150	5.7185	32.391	25.651	1543.6	148.49	4.8539	50.671	0.043700	3.7280e-05	liquid
209.28	5.4937	1032.1	0.00096888	5.5561	6.0021	33.719	27.258	6341.9	138.96	5.5677	45.362	0.046729	8.0097e-06	liquid
115.78	0.073534	6.5738	0.15212	7.9735	8.9109	77.000	13.270	22.597	136.13	49.753	9.9906	0.0037324	vapor
116.28	0.076670	6.8301	0.14641	7.9780	8.9187	76.729	13.291	22.648	136.36	49.236	10.038	0.0037506	vapor
116.78	0.079910	7.0940	0.14096	7.9825	8.9264	76.461	13.311	22.700	136.58	48.728	10.085	0.0037689	vapor
117.28	0.083255	7.3656	0.13577	7.9869	8.9341	76.195	13.332	22.754	136.81	48.228	10.132	0.0037873	vapor
117.78	0.086708	7.6450	0.13080	7.9913	8.9417	75.932	13.354	22.808	137.03	47.736	10.179	0.0038057	vapor
118.28	0.090270	7.9323	0.12607	7.9956	8.9492	75.671	13.376	22.863	137.26	47.253	10.227	0.0038242	vapor
118.78	0.093946	8.2278	0.12154	7.9999	8.9567	75.413	13.398	22.920	137.47	46.777	10.275	0.0038428	vapor
119.28	0.097735	8.5314	0.11721	8.0042	8.9642	75.157	13.420	22.977	137.69	46.309	10.322	0.0038614	vapor
119.78	0.10164	8.8435	0.11308	8.0084	8.9715	74.903	13.443	23.035	137.91	45.849	10.370	0.0038802	vapor
120.28	0.10567	9.1641	0.10912	8.0126	8.9788	74.652	13.466	23.095	138.12	45.396	10.418	0.0038990	vapor
120.78	0.10982	9.4934	0.10534	8.0167	8.9860	74.402	13.489	23.155	138.33	44.950	10.466	0.0039179	vapor
121.28	0.11409	9.8316	0.10171	8.0208	8.9932	74.155	13.513	23.217	138.54	44.511	10.514	0.0039369	vapor
121.78	0.11849	10.179	0.098244	8.0248	9.0003	73.911	13.537	23.280	138.75	44.080	10.563	0.0039559	vapor
122.28	0.12302	10.535	0.094921	8.0288	9.0073	73.668	13.561	23.344	138.95	43.654	10.611	0.0039751	vapor
122.78	0.12768	10.901	0.091738	8.0328	9.0143	73.427	13.586	23.409	139.16	43.236	10.660	0.0039943	vapor
123.28	0.13247	11.276	0.088686	8.0367	9.0212	73.189	13.611	23.475	139.36	42.823	10.709	0.0040137	vapor
123.78	0.13740	11.660	0.085760	8.0406	9.0280	72.952	13.636	23.543	139.55	42.417	10.757	0.0040331	vapor
124.28	0.14247	12.055	0.082954	8.0444	9.0347	72.718	13.661	23.611	139.75	42.017	10.806	0.0040526	vapor
124.78	0.14768	12.459	0.080261	8.0481	9.0414	72.485	13.687	23.681	139.95	41.623	10.856	0.0040722	vapor
125.28	0.15304	12.874	0.077677	8.0519	9.0480	72.255	13.713	23.752	140.14	41.235	10.905	0.0040920	vapor
125.78	0.15854	13.299	0.075196	8.0555	9.0545	72.026	13.740	23.824	140.33	40.853	10.954	0.0041118	vapor
126.28	0.16419	13.734	0.072813	8.0592	9.0610	71.799	13.767	23.898	140.52	40.476	11.004	0.0041317	vapor
126.78	0.16999	14.180	0.070524	8.0627	9.0673	71.574	13.794	23.972	140.70	40.105	11.054	0.0041517	vapor
127.28	0.17595	14.636	0.068324	8.0663	9.0736	71.351	13.821	24.048	140.88	39.739	11.103	0.0041719	vapor
127.78	0.18206	15.104	0.066209	8.0697	9.0799	71.129	13.849	24.126	141.07	39.378	11.153	0.0041921	vapor
128.28	0.18834	15.582	0.064176	8.0732	9.0860	70.909	13.877	24.204	141.25	39.023	11.203	0.0042125	vapor
128.78	0.19477	16.072	0.062220	8.0765	9.0921	70.691	13.905	24.284	141.42	38.672	11.254	0.0042329	vapor
129.28	0.20137	16.573	0.060338	8.0798	9.0980	70.475	13.934	24.365	141.60	38.327	11.304	0.0042535	vapor
129.78	0.20814	17.086	0.058527	8.0831	9.1039	70.260	13.963	24.448	141.77	37.986	11.355	0.0042742	vapor
130.28	0.21508	17.611	0.056783	8.0863	9.1097	70.047	13.992	24.532	141.94	37.650	11.405	0.0042950	vapor
130.78	0.22220	18.148	0.055104	8.0895	9.1155	69.836	14.022	24.617	142.11	37.319	11.456	0.0043160	vapor
131.28	0.22948	18.696	0.053486	8.0926	9.1211	69.626	14.051	24.704	142.28	36.992	11.507	0.0043370	vapor
131.78	0.23695	19.258	0.051928	8.0956	9.1267	69.418	14.081	24.792	142.44	36.670	11.558	0.0043583	vapor
132.28	0.24460	19.831	0.050426	8.0986	9.1322	69.211	14.112	24.881	142.60	36.352	11.610	0.0043796	vapor
132.78	0.25243	20.417	0.048978	8.1016	9.1376	69.006	14.143	24.972	142.76	36.039	11.661	0.0044011	vapor
133.28	0.26044	21.017	0.047581	8.1045	9.1429	68.802	14.174	25.065	142.92	35.729	11.713	0.0044227	vapor
133.78	0.26865	21.629	0.046234	8.1073	9.1481	68.599	14.205	25.159	143.07	35.424	11.765	0.0044444	vapor
134.28	0.27705	22.255	0.044935	8.1100	9.1533	68.398	14.236	25.254	143.23	35.123	11.817	0.0044663	vapor
134.78	0.28564	22.894	0.043681	8.1128	9.1583	68.199	14.268	25.351	143.38	34.826	11.869	0.0044883	vapor
135.28	0.29443	23.546	0.042470	8.1154	9.1633	68.000	14.301	25.450	143.53	34.532	11.921	0.0045105	vapor
135.78	0.30342	24.213	0.041301	8.1180	9.1681	67.803	14.333	25.550	143.67	34.243	11.974	0.0045329	vapor
136.28	0.31262	24.893	0.040172	8.1205	9.1729	67.608	14.366	25.652	143.82	33.957	12.026	0.0045554	vapor
136.78	0.32202	25.588	0.039081	8.1230	9.1776	67.414	14.399	25.755	143.96	33.675	12.079	0.0045780	vapor
137.28	0.33163	26.297	0.038027	8.1254	9.1822	67.221	14.432	25.860	144.10	33.397	12.132	0.0046008	vapor
137.78	0.34145	27.021	0.037008	8.1278	9.1867	67.029	14.466	25.967	144.24	33.122	12.186	0.0046238	vapor
138.28	0.35148	27.760	0.036024	8.1301	9.1911	66.838	14.499	26.075	144.37	32.851	12.239	0.0046470	vapor
138.78	0.36173	28.513	0.035071	8.1323	9.1954	66.649	14.534	26.186	144.51	32.583	12.293	0.0046703	vapor
139.28	0.37220	29.282	0.034150	8.1344	9.1996	66.461	14.568	26.297	144.64	32.318	12.346	0.0046938	vapor
139.78	0.38289	30.067	0.033259	8.1365	9.2037	66.274	14.603	26.411	144.77	32.057	12.400	0.0047175	vapor
140.28	0.39381	30.867	0.032397	8.1386	9.2077	66.088	14.638	26.527	144.89	31.799	12.454	0.0047414	vapor
140.78	0.40496	31.683	0.031562	8.1405	9.2116	65.903	14.673	26.644	145.02	31.544	12.509	0.0047655	vapor
141.28	0.41634	32.516	0.030755	8.1424	9.2154	65.719	14.708	26.764	145.14	31.292	12.563	0.0047897	vapor
141.78	0.42795	33.364	0.029972	8.1442	9.2191	65.537	14.744	26.885	145.26	31.044	12.618	0.0048142	vapor
142.28	0.43980	34.229	0.029215	8.1460	9.2227	65.355	14.780	27.008	145.38	30.798	12.673	0.0048388	vapor
142.78	0.45189	35.112	0.028481	8.1477	9.2262	65.175	14.817	27.134	145.49	30.555	12.728	0.0048637	vapor
143.28	0.46422	36.011	0.027769	8.1493	9.2296	64.995	14.853	27.261	145.61	30.316	12.784	0.0048888	vapor
143.78	0.47680	36.927	0.027080	8.1509	9.2329	64.817	14.890	27.390	145.72	30.079	12.839	0.0049141	vapor
144.28	0.48963	37.861	0.026412	8.1524	9.2360	64.639	14.927	27.522	145.83	29.845	12.895	0.0049396	vapor
144.78	0.50271	38.813	0.025764	8.1538	9.2391	64.463	14.965	27.655	145.94	29.613	12.951	0.0049654	vapor
145.28	0.51604	39.783	0.025136	8.1551	9.2421	64.287	15.002	27.791	146.04	29.385	13.007	0.0049914	vapor
145.78	0.52963	40.772	0.024527	8.1564	9.2449	64.112	15.040	27.929	146.14	29.159	13.064	0.0050176	vapor
146.28	0.54348	41.778	0.023936	8.1576	9.2477	63.938	15.078	28.070	146.24	28.936	13.120	0.0050441	vapor
146.78	0.55759	42.804	0.023362	8.1587	9.2503	63.766	15.117	28.213	146.34	28.715	13.177	0.0050708	vapor
147.28	0.57197	43.849	0.022806	8.1597	9.2528	63.593	15.156	28.358	146.44	28.497	13.234	0.0050978	vapor
147.78	0.58661	44.913	0.022265	8.1607	9.2552	63.422	15.195	28.505	146.53	28.281	13.292	0.0051250	vapor
148.28	0.60153	45.997	0.021741	8.1616	9.2575	63.252	15.234	28.655	146.62	28.068	13.349	0.0051525	vapor
148.78	0.61672	47.101	0.021231	8.1624	9.2596	63.082	15.274	28.808	146.71	27.857	13.407	0.0051803	vapor
149.28	0.63220	48.224	0.020736	8.1631	9.2617	62.913	15.313	28.963	146.80	27.649	13.465	0.0052084	vapor
149.78	0.64795	49.369	0.020256	8.1638	9.2636	62.745	15.353	29.121	146.88	27.443	13.524	0.0052367	vapor
150.28	0.66398	50.534	0.019789	8.1643	9.2654	62.578	15.394	29.282	146.97	27.239	13.582	0.0052654	vapor
150.78	0.68030	51.720	0.019335	8.1648	9.2671	62.411	15.434	29.445	147.05	27.037	13.641	0.0052943	vapor
151.28	0.69691	52.928	0.018894	8.1652	9.2686	62.245	15.475	29.612	147.13	26.838	13.701	0.0053236	vapor
151.78	0.71382	54.157	0.018465	8.1655	9.2700	62.080	15.517	29.781	147.20	26.641	13.760	0.0053531	vapor
152.28	0.73102	55.409	0.018048	8.1658	9.2713	61.916	15.558	29.953	147.27	26.446	13.820	0.0053830	vapor
152.78	0.74851	56.683	0.017642	8.1659	9.2725	61.752	15.600	30.128	147.35	26.253	13.880	0.0054132	vapor
153.28	0.76631	57.979	0.017248	8.1660	9.2735	61.589	15.642	30.307	147.42	26.062	13.940	0.0054438	vapor
153.78	0.78441	59.299	0.016864	8.1660	9.2745	61.426	15.684	30.488	147.48	25.873	14.000	0.0054747	vapor
154.28	0.80282	60.642	0.016490	8.1658	9.2752	61.264	15.727	30.673	147.55	25.686	14.061	0.0055060	vapor
154.78	0.82154	62.008	0.016127	8.1656	9.2759	61.103	15.769	30.862	147.61	25.501	14.122	0.0055376	vapor
155.28	0.84058	63.399	0.015773	8.1653	9.2764	60.942	15.813	31.054	147.67	25.318	14.184	0.0055696	vapor
155.78	0.85993	64.814	0.015429	8.1650	9.2768	60.782	15.856	31.249	147.73	25.136	14.246	0.0056020	vapor
156.28	0.87960	66.254	0.015094	8.1645	9.2770	60.622	15.900	31.449	147.78	24.957	14.308	0.0056348	vapor
156.78	0.89959	67.719	0.014767	8.1639	9.2771	60.463	15.944	31.652	147.84	24.779	14.370	0.0056680	vapor
157.28	0.91990	69.209	0.014449	8.1632	9.2770	60.304	15.988	31.858	147.89	24.604	14.433	0.0057016	vapor
157.78	0.94055	70.726	0.014139	8.1624	9.2768	60.146	16.033	32.069	147.94	24.430	14.496	0.0057356	vapor
158.28	0.96153	72.269	0.013837	8.1616	9.2765	59.988	16.077	32.284	147.98	24.257	14.559	0.0057701	vapor
158.78	0.98284	73.838	0.013543	8.1606	9.2760	59.831	16.123	32.504	148.03	24.087	14.623	0.0058050	vapor
159.28	1.0045	75.435	0.013256	8.1595	9.2754	59.674	16.168	32.727	148.07	23.917	14.687	0.0058403	vapor
159.78	1.0265	77.060	0.012977	8.1583	9.2746	59.517	16.214	32.955	148.11	23.750	14.752	0.0058762	vapor
160.28	1.0488	78.713	0.012704	8.1571	9.2736	59.361	16.260	33.188	148.15	23.584	14.817	0.0059125	vapor
160.78	1.0715	80.394	0.012439	8.1557	9.2725	59.206	16.307	33.426	148.18	23.420	14.882	0.0059493	vapor
161.28	1.0945	82.104	0.012180	8.1542	9.2713	59.050	16.353	33.668	148.22	23.257	14.948	0.0059866	vapor
161.78	1.1179	83.844	0.011927	8.1526	9.2698	58.895	16.401	33.916	148.25	23.096	15.014	0.0060245	vapor
162.28	1.1416	85.614	0.011680	8.1508	9.2683	58.741	16.448	34.168	148.28	22.936	15.080	0.0060629	vapor
162.78	1.1657	87.414	0.011440	8.1490	9.2665	58.586	16.496	34.427	148.30	22.777	15.147	0.0061018	vapor
163.28	1.1902	89.245	0.011205	8.1471	9.2646	58.432	16.544	34.690	148.33	22.620	15.214	0.0061413	vapor
163.78	1.2150	91.108	0.010976	8.1450	9.2625	58.279	16.593	34.960	148.35	22.465	15.282	0.0061814	vapor
164.28	1.2402	93.003	0.010752	8.1428	9.2603	58.125	16.641	35.235	148.37	22.310	15.350	0.0062221	vapor
164.78	1.2658	94.930	0.010534	8.1405	9.2579	57.972	16.691	35.517	148.38	22.157	15.418	0.0062634	vapor
165.28	1.2917	96.891	0.010321	8.1381	9.2553	57.819	16.740	35.805	148.40	22.005	15.487	0.0063053	vapor
165.78	1.3180	98.885	0.010113	8.1356	9.2525	57.666	16.790	36.099	148.41	21.855	15.557	0.0063479	vapor
166.28	1.3447	100.91	0.0099094	8.1329	9.2496	57.513	16.841	36.401	148.42	21.705	15.627	0.0063911	vapor
166.78	1.3718	102.98	0.0097108	8.1301	9.2464	57.361	16.892	36.709	148.43	21.557	15.697	0.0064351	vapor
167.28	1.3993	105.08	0.0095167	8.1272	9.2431	57.208	16.943	37.025	148.43	21.410	15.768	0.0064797	vapor
167.78	1.4272	107.21	0.0093271	8.1241	9.2396	57.056	16.995	37.348	148.44	21.264	15.840	0.0065251	vapor
168.28	1.4554	109.39	0.0091419	8.1209	9.2359	56.904	17.047	37.680	148.44	21.119	15.912	0.0065713	vapor
168.78	1.4841	111.60	0.0089608	8.1176	9.2320	56.752	17.099	38.019	148.44	20.975	15.984	0.0066182	vapor
169.28	1.5131	113.85	0.0087837	8.1141	9.2279	56.600	17.152	38.367	148.43	20.832	16.057	0.0066659	vapor
169.78	1.5426	116.14	0.0086107	8.1105	9.2236	56.448	17.206	38.723	148.42	20.690	16.131	0.0067144	vapor
170.28	1.5724	118.46	0.0084414	8.1068	9.2191	56.296	17.260	39.089	148.42	20.549	16.205	0.0067638	vapor
170.78	1.6027	120.83	0.0082759	8.1029	9.2144	56.144	17.314	39.464	148.40	20.409	16.280	0.0068141	vapor
171.28	1.6334	123.24	0.0081140	8.0988	9.2094	55.992	17.369	39.849	148.39	20.270	16.356	0.0068653	vapor
171.78	1.6645	125.70	0.0079557	8.0946	9.2043	55.840	17.425	40.245	148.37	20.132	16.432	0.0069174	vapor
172.28	1.6960	128.19	0.0078007	8.0903	9.1989	55.688	17.481	40.651	148.36	19.995	16.509	0.0069704	vapor
172.78	1.7280	130.73	0.0076491	8.0858	9.1934	55.535	17.537	41.068	148.33	19.858	16.586	0.0070245	vapor
173.28	1.7603	133.32	0.0075008	8.0811	9.1875	55.383	17.594	41.497	148.31	19.723	16.665	0.0070796	vapor
173.78	1.7932	135.95	0.0073556	8.0762	9.1815	55.231	17.652	41.938	148.29	19.587	16.743	0.0071358	vapor
174.28	1.8264	138.63	0.0072134	8.0712	9.1752	55.078	17.710	42.391	148.26	19.453	16.823	0.0071931	vapor
174.78	1.8601	141.36	0.0070742	8.0661	9.1687	54.925	17.769	42.858	148.23	19.320	16.903	0.0072515	vapor
175.28	1.8942	144.13	0.0069380	8.0607	9.1620	54.772	17.829	43.338	148.19	19.187	16.985	0.0073111	vapor
175.78	1.9287	146.96	0.0068045	8.0552	9.1549	54.619	17.889	43.833	148.16	19.054	17.067	0.0073719	vapor
176.28	1.9638	149.84	0.0066738	8.0495	9.1477	54.465	17.950	44.343	148.12	18.922	17.149	0.0074340	vapor
176.78	1.9992	152.77	0.0065457	8.0436	9.1402	54.311	18.011	44.869	148.08	18.791	17.233	0.0074974	vapor
177.28	2.0351	155.76	0.0064203	8.0375	9.1324	54.157	18.073	45.411	148.03	18.660	17.318	0.0075622	vapor
177.78	2.0715	158.80	0.0062973	8.0312	9.1243	54.002	18.136	45.970	147.99	18.530	17.403	0.0076284	vapor
178.28	2.1083	161.90	0.0061768	8.0247	9.1160	53.848	18.200	46.548	147.94	18.400	17.489	0.0076961	vapor
178.78	2.1456	165.05	0.0060587	8.0180	9.1074	53.692	18.265	47.144	147.89	18.271	17.577	0.0077653	vapor
179.28	2.1834	168.27	0.0059430	8.0111	9.0985	53.536	18.330	47.761	147.83	18.142	17.665	0.0078361	vapor
179.78	2.2216	171.54	0.0058295	8.0040	9.0893	53.380	18.396	48.399	147.78	18.013	17.755	0.0079085	vapor
180.28	2.2604	174.88	0.0057182	7.9967	9.0798	53.223	18.463	49.058	147.72	17.885	17.845	0.0079827	vapor
180.78	2.2996	178.28	0.0056090	7.9891	9.0700	53.066	18.531	49.742	147.65	17.757	17.937	0.0080587	vapor
181.28	2.3393	181.75	0.0055019	7.9813	9.0598	52.908	18.600	50.449	147.59	17.629	18.030	0.0081366	vapor
181.78	2.3794	185.29	0.0053969	7.9733	9.0494	52.749	18.670	51.183	147.52	17.501	18.124	0.0082164	vapor
182.28	2.4201	188.90	0.0052938	7.9650	9.0386	52.590	18.741	51.944	147.45	17.373	18.219	0.0082982	vapor
182.78	2.4613	192.58	0.0051927	7.9565	9.0275	52.430	18.813	52.734	147.38	17.246	18.315	0.0083822	vapor
183.28	2.5029	196.33	0.0050934	7.9477	9.0160	52.269	18.886	53.554	147.30	17.119	18.413	0.0084684	vapor
183.78	2.5451	200.16	0.0049959	7.9387	9.0042	52.108	18.960	54.407	147.22	16.991	18.512	0.0085570	vapor
184.28	2.5878	204.07	0.0049002	7.9294	8.9920	51.945	19.035	55.295	147.14	16.864	18.613	0.0086480	vapor
184.78	2.6309	208.06	0.0048063	7.9198	8.9794	51.782	19.112	56.219	147.05	16.736	18.715	0.0087416	vapor
185.28	2.6746	212.14	0.0047140	7.9099	8.9665	51.618	19.190	57.182	146.97	16.609	18.819	0.0088378	vapor
185.78	2.7189	216.30	0.0046233	7.8997	8.9531	51.452	19.269	58.186	146.87	16.481	18.925	0.0089369	vapor
186.28	2.7636	220.54	0.0045342	7.8893	8.9393	51.286	19.349	59.234	146.78	16.353	19.032	0.0090389	vapor
186.78	2.8089	224.89	0.0044467	7.8785	8.9251	51.118	19.431	60.329	146.68	16.225	19.141	0.0091441	vapor
187.28	2.8547	229.32	0.0043607	7.8673	8.9105	50.950	19.514	61.475	146.58	16.096	19.252	0.0092526	vapor
187.78	2.9011	233.86	0.0042761	7.8559	8.8954	50.780	19.599	62.674	146.48	15.968	19.364	0.0093645	vapor
188.28	2.9479	238.50	0.0041929	7.8440	8.8798	50.609	19.686	63.930	146.37	15.838	19.479	0.0094801	vapor
188.78	2.9954	243.24	0.0041111	7.8319	8.8638	50.436	19.774	65.249	146.26	15.708	19.596	0.0095996	vapor
189.28	3.0434	248.10	0.0040307	7.8193	8.8473	50.262	19.864	66.634	146.14	15.578	19.715	0.0097231	vapor
189.78	3.0919	253.07	0.0039515	7.8064	8.8302	50.086	19.956	68.091	146.03	15.447	19.837	0.0098511	vapor
190.28	3.1410	258.16	0.0038736	7.7930	8.8126	49.909	20.050	69.624	145.91	15.315	19.961	0.0099836	vapor
190.78	3.1907	263.37	0.0037969	7.7793	8.7945	49.730	20.146	71.242	145.78	15.183	20.088	0.010121	vapor
191.28	3.2410	268.71	0.0037214	7.7651	8.7758	49.549	20.244	72.950	145.65	15.050	20.217	0.010264	vapor
191.78	3.2918	274.19	0.0036471	7.7504	8.7564	49.366	20.344	74.756	145.52	14.916	20.350	0.010412	vapor
192.28	3.3432	279.81	0.0035738	7.7353	8.7365	49.182	20.447	76.669	145.38	14.781	20.485	0.010566	vapor
192.78	3.3952	285.58	0.0035016	7.7196	8.7159	48.994	20.552	78.699	145.24	14.644	20.624	0.010726	vapor
193.28	3.4478	291.50	0.0034305	7.7035	8.6946	48.805	20.660	80.857	145.10	14.507	20.766	0.010893	vapor
193.78	3.5010	297.59	0.0033603	7.6868	8.6727	48.613	20.770	83.154	144.95	14.368	20.912	0.011068	vapor
194.28	3.5548	303.84	0.0032912	7.6695	8.6499	48.419	20.884	85.606	144.79	14.228	21.061	0.011250	vapor
194.78	3.6093	310.28	0.0032229	7.6517	8.6264	48.222	21.001	88.227	144.63	14.087	21.215	0.011441	vapor
195.28	3.6643	316.91	0.0031555	7.6332	8.6021	48.022	21.121	91.037	144.47	13.944	21.373	0.011640	vapor
195.78	3.7200	323.73	0.0030890	7.6140	8.5769	47.818	21.244	94.055	144.30	13.799	21.536	0.011850	vapor
196.28	3.7763	330.77	0.0030232	7.5942	8.5508	47.612	21.371	97.306	144.12	13.653	21.704	0.012070	vapor
196.78	3.8332	338.03	0.0029583	7.5736	8.5238	47.402	21.503	100.82	143.94	13.504	21.878	0.012302	vapor
197.28	3.8908	345.54	0.0028941	7.5522	8.4957	47.188	21.638	104.62	143.76	13.353	22.057	0.012547	vapor
197.78	3.9490	353.29	0.0028305	7.5299	8.4666	46.969	21.778	108.76	143.56	13.200	22.242	0.012805	vapor
198.28	4.0079	361.32	0.0027676	7.5068	8.4363	46.747	21.923	113.27	143.36	13.045	22.434	0.013079	vapor
198.78	4.0675	369.64	0.0027053	7.4827	8.4048	46.519	22.073	118.21	143.16	12.887	22.634	0.013369	vapor
199.28	4.1277	378.28	0.0026435	7.4576	8.3720	46.286	22.229	123.64	142.94	12.725	22.842	0.013678	vapor
199.78	4.1886	387.26	0.0025823	7.4314	8.3378	46.048	22.390	129.65	142.72	12.561	23.058	0.014008	vapor
200.28	4.2503	396.60	0.0025214	7.4040	8.3020	45.803	22.559	136.32	142.49	12.393	23.284	0.014361	vapor
200.78	4.3126	406.35	0.0024610	7.3753	8.2647	45.552	22.734	143.77	142.25	12.221	23.521	0.014740	vapor
201.28	4.3756	416.53	0.0024008	7.3452	8.2255	45.293	22.917	152.14	142.00	12.045	23.769	0.015149	vapor
201.78	4.4394	427.19	0.0023409	7.3135	8.1843	45.026	23.109	161.62	141.73	11.865	24.031	0.015592	vapor
202.28	4.5039	438.39	0.0022811	7.2801	8.1410	44.750	23.310	172.44	141.46	11.679	24.307	0.016073	vapor
202.78	4.5692	450.19	0.0022213	7.2449	8.0954	44.464	23.522	184.91	141.17	11.487	24.600	0.016600	vapor
203.28	4.6352	462.65	0.0021615	7.2074	8.0470	44.166	23.745	199.42	140.87	11.290	24.912	0.017179	vapor
203.78	4.7020	475.87	0.0021014	7.1676	7.9956	43.855	23.981	216.53	140.54	11.085	25.246	0.017822	vapor
204.28	4.7696	489.96	0.0020410	7.1251	7.9408	43.529	24.231	237.00	140.20	10.872	25.605	0.018540	vapor
204.78	4.8380	505.05	0.0019800	7.0793	7.8820	43.185	24.498	261.91	139.84	10.649	25.994	0.019353	vapor
205.28	4.9072	521.34	0.0019181	7.0299	7.8186	42.821	24.784	292.88	139.44	10.415	26.420	0.020282	vapor
205.78	4.9773	539.06	0.0018551	6.9759	7.7497	42.431	25.091	332.41	139.02	10.169	26.889	0.021364	vapor
206.28	5.0482	558.55	0.0017903	6.9165	7.6739	42.011	25.425	384.59	138.56	9.9059	27.414	0.022649	vapor
206.78	5.1201	580.28	0.0017233	6.8502	7.5896	41.552	25.789	456.58	138.04	9.6232	28.011	0.024218	vapor
207.28	5.1928	604.99	0.0016529	6.7749	7.4941	41.041	26.191	562.19	137.47	9.3144	28.706	0.026209	vapor
207.78	5.2665	633.89	0.0015776	6.6868	7.3830	40.457	26.641	731.79	136.81	8.9698	29.543	0.028888	vapor
208.28	5.3412	669.29	0.0014941	6.5793	7.2481	39.762	27.153	1047.4	136.04	8.5710	30.605	0.030903	vapor
208.78	5.4170	716.53	0.0013956	6.4370	7.0705	38.867	27.750	1830.5	135.09	8.0767	32.098	0.032707	vapor
209.28	5.4937	796.62	0.0012553	6.2005	6.7784	37.428	28.449	6662.3	133.87	7.3309	34.857	0.035954	vapor
