
Temperature (K)	Pressure (MPa)	Density (kg/m3)	Volume (m3/kg)	Internal Energy (kJ/mol)	Enthalpy (kJ/mol)	Entropy (J/mol*K)	Cv (J/mol*K)	Cp (J/mol*K)	Sound Spd. (m/s)	Joule-Thomson (K/MPa)	Viscosity (uPa*s)	Therm. Cond. (W/m*K)	Surf. Tension (N/m)	Phase
90.694	0.011696	451.48	0.0022150	-1.1526	-1.1522	-11.389	34.776	54.029	1538.6	-0.48191	193.57	0.21119	0.017063	liquid
91.194	0.012469	450.81	0.0022182	-1.1256	-1.1252	-11.092	34.724	54.056	1534.1	-0.48083	190.64	0.21060	0.016964	liquid
91.694	0.013283	450.14	0.0022215	-1.0986	-1.0981	-10.797	34.672	54.084	1529.5	-0.47973	187.81	0.21000	0.016864	liquid
92.194	0.014139	449.48	0.0022248	-1.0715	-1.0710	-10.503	34.622	54.113	1525.0	-0.47861	185.08	0.20940	0.016765	liquid
92.694	0.015040	448.81	0.0022281	-1.0445	-1.0439	-10.210	34.572	54.143	1520.4	-0.47746	182.43	0.20880	0.016666	liquid
93.194	0.015986	448.14	0.0022315	-1.0174	-1.0168	-9.9188	34.523	54.174	1515.8	-0.47629	179.86	0.20819	0.016566	liquid
93.694	0.016981	447.47	0.0022348	-0.99032	-0.98971	-9.6290	34.474	54.206	1511.2	-0.47510	177.36	0.20758	0.016467	liquid
94.194	0.018024	446.79	0.0022382	-0.96322	-0.96258	-9.3405	34.426	54.239	1506.6	-0.47388	174.94	0.20696	0.016368	liquid
94.694	0.019119	446.12	0.0022416	-0.93611	-0.93542	-9.0534	34.379	54.273	1501.9	-0.47265	172.59	0.20634	0.016269	liquid
95.194	0.020267	445.44	0.0022450	-0.90898	-0.90825	-8.7676	34.332	54.308	1497.3	-0.47138	170.30	0.20572	0.016169	liquid
95.694	0.021469	444.77	0.0022484	-0.88183	-0.88105	-8.4831	34.286	54.344	1492.6	-0.47010	168.07	0.20509	0.016070	liquid
96.194	0.022729	444.09	0.0022518	-0.85466	-0.85384	-8.2000	34.241	54.380	1488.0	-0.46880	165.89	0.20446	0.015971	liquid
96.694	0.024046	443.41	0.0022552	-0.82748	-0.82661	-7.9181	34.196	54.417	1483.3	-0.46747	163.78	0.20383	0.015872	liquid
97.194	0.025425	442.73	0.0022587	-0.80027	-0.79935	-7.6375	34.151	54.455	1478.6	-0.46612	161.71	0.20319	0.015773	liquid
97.694	0.026865	442.05	0.0022622	-0.77305	-0.77208	-7.3581	34.107	54.493	1473.9	-0.46474	159.69	0.20255	0.015674	liquid
98.194	0.028370	441.36	0.0022657	-0.74582	-0.74479	-7.0800	34.063	54.533	1469.2	-0.46335	157.72	0.20191	0.015574	liquid
98.694	0.029942	440.68	0.0022692	-0.71856	-0.71747	-6.8031	34.020	54.573	1464.4	-0.46193	155.80	0.20126	0.015475	liquid
99.194	0.031582	439.99	0.0022728	-0.69128	-0.69013	-6.5274	33.976	54.614	1459.7	-0.46049	153.92	0.20061	0.015376	liquid
99.694	0.033293	439.31	0.0022763	-0.66399	-0.66277	-6.2529	33.934	54.655	1455.0	-0.45903	152.07	0.19996	0.015277	liquid
100.19	0.035077	438.62	0.0022799	-0.63667	-0.63539	-5.9796	33.892	54.697	1450.2	-0.45754	150.27	0.19930	0.015178	liquid
100.69	0.036936	437.93	0.0022835	-0.60934	-0.60798	-5.7074	33.850	54.740	1445.4	-0.45603	148.51	0.19865	0.015079	liquid
101.19	0.038872	437.23	0.0022871	-0.58198	-0.58055	-5.4364	33.808	54.783	1440.6	-0.45449	146.78	0.19799	0.014980	liquid
101.69	0.040887	436.54	0.0022907	-0.55460	-0.55310	-5.1665	33.766	54.827	1435.8	-0.45294	145.08	0.19732	0.014882	liquid
102.19	0.042984	435.85	0.0022944	-0.52721	-0.52562	-4.8977	33.725	54.872	1431.0	-0.45136	143.42	0.19666	0.014783	liquid
102.69	0.045165	435.15	0.0022981	-0.49979	-0.49812	-4.6301	33.685	54.917	1426.2	-0.44975	141.79	0.19599	0.014684	liquid
103.19	0.047433	434.45	0.0023018	-0.47235	-0.47060	-4.3635	33.644	54.963	1421.4	-0.44812	140.18	0.19532	0.014585	liquid
103.69	0.049789	433.75	0.0023055	-0.44489	-0.44305	-4.0980	33.604	55.010	1416.6	-0.44646	138.61	0.19465	0.014487	liquid
104.19	0.052235	433.05	0.0023092	-0.41740	-0.41547	-3.8336	33.564	55.057	1411.7	-0.44478	137.07	0.19398	0.014388	liquid
104.69	0.054776	432.35	0.0023130	-0.38990	-0.38787	-3.5702	33.524	55.105	1406.9	-0.44308	135.55	0.19330	0.014289	liquid
105.19	0.057412	431.64	0.0023167	-0.36237	-0.36024	-3.3079	33.484	55.154	1402.0	-0.44134	134.06	0.19262	0.014191	liquid
105.69	0.060146	430.94	0.0023205	-0.33482	-0.33258	-3.0465	33.445	55.203	1397.1	-0.43958	132.59	0.19194	0.014092	liquid
106.19	0.062981	430.23	0.0023244	-0.30725	-0.30490	-2.7862	33.406	55.253	1392.2	-0.43780	131.15	0.19126	0.013994	liquid
106.69	0.065919	429.52	0.0023282	-0.27965	-0.27719	-2.5269	33.367	55.304	1387.3	-0.43599	129.74	0.19058	0.013895	liquid
107.19	0.068963	428.81	0.0023321	-0.25203	-0.24945	-2.2686	33.328	55.355	1382.4	-0.43415	128.34	0.18989	0.013797	liquid
107.69	0.072116	428.09	0.0023359	-0.22439	-0.22168	-2.0113	33.290	55.407	1377.5	-0.43228	126.97	0.18921	0.013699	liquid
108.19	0.075379	427.38	0.0023399	-0.19672	-0.19389	-1.7549	33.252	55.460	1372.6	-0.43038	125.62	0.18852	0.013601	liquid
108.69	0.078756	426.66	0.0023438	-0.16903	-0.16607	-1.4995	33.213	55.513	1367.6	-0.42845	124.28	0.18783	0.013503	liquid
109.19	0.082249	425.94	0.0023477	-0.14131	-0.13821	-1.2451	33.176	55.568	1362.7	-0.42650	122.97	0.18714	0.013404	liquid
109.69	0.085861	425.22	0.0023517	-0.11357	-0.11033	-0.99156	33.138	55.622	1357.7	-0.42451	121.68	0.18645	0.013306	liquid
110.19	0.089594	424.50	0.0023557	-0.085803	-0.082417	-0.73896	33.100	55.678	1352.8	-0.42250	120.41	0.18575	0.013209	liquid
110.69	0.093451	423.77	0.0023598	-0.058011	-0.054473	-0.48727	33.063	55.734	1347.8	-0.42045	119.16	0.18506	0.013111	liquid
111.19	0.097436	423.05	0.0023638	-0.030194	-0.026499	-0.23648	33.026	55.792	1342.8	-0.41837	117.92	0.18436	0.013013	liquid
111.69	0.10155	422.32	0.0023679	-0.0023504	0.0015072	0.013419	32.989	55.849	1337.8	-0.41626	116.70	0.18367	0.012915	liquid
112.19	0.10580	421.59	0.0023720	0.025519	0.029545	0.26244	32.952	55.908	1332.8	-0.41412	115.50	0.18297	0.012818	liquid
112.69	0.11018	420.85	0.0023761	0.053415	0.057615	0.51059	32.915	55.968	1327.8	-0.41194	114.32	0.18227	0.012720	liquid
113.19	0.11470	420.12	0.0023803	0.081338	0.085718	0.75789	32.879	56.028	1322.8	-0.40973	113.15	0.18157	0.012623	liquid
113.69	0.11936	419.38	0.0023845	0.10929	0.11385	1.0043	32.843	56.089	1317.8	-0.40749	112.00	0.18087	0.012525	liquid
114.19	0.12416	418.64	0.0023887	0.13727	0.14202	1.2499	32.806	56.151	1312.7	-0.40520	110.86	0.18016	0.012428	liquid
114.69	0.12911	417.90	0.0023929	0.16527	0.17023	1.4947	32.770	56.214	1307.7	-0.40289	109.74	0.17946	0.012331	liquid
115.19	0.13421	417.16	0.0023972	0.19330	0.19847	1.7387	32.735	56.278	1302.6	-0.40053	108.63	0.17876	0.012234	liquid
115.69	0.13946	416.41	0.0024015	0.22137	0.22674	1.9818	32.699	56.343	1297.5	-0.39814	107.54	0.17805	0.012137	liquid
116.19	0.14487	415.67	0.0024058	0.24946	0.25505	2.2242	32.664	56.408	1292.5	-0.39571	106.46	0.17735	0.012040	liquid
116.69	0.15044	414.92	0.0024101	0.27758	0.28339	2.4658	32.628	56.475	1287.4	-0.39325	105.39	0.17664	0.011943	liquid
117.19	0.15616	414.17	0.0024145	0.30572	0.31177	2.7066	32.593	56.542	1282.3	-0.39074	104.34	0.17593	0.011846	liquid
117.69	0.16205	413.41	0.0024189	0.33390	0.34019	2.9466	32.558	56.611	1277.2	-0.38819	103.30	0.17523	0.011749	liquid
118.19	0.16811	412.65	0.0024233	0.36211	0.36865	3.1859	32.524	56.681	1272.1	-0.38560	102.28	0.17452	0.011653	liquid
118.69	0.17434	411.90	0.0024278	0.39035	0.39714	3.4244	32.489	56.751	1266.9	-0.38297	101.27	0.17381	0.011556	liquid
119.19	0.18074	411.13	0.0024323	0.41862	0.42567	3.6622	32.455	56.823	1261.8	-0.38029	100.27	0.17310	0.011460	liquid
119.69	0.18732	410.37	0.0024368	0.44692	0.45424	3.8992	32.420	56.896	1256.6	-0.37758	99.278	0.17239	0.011364	liquid
120.19	0.19407	409.60	0.0024414	0.47525	0.48286	4.1356	32.386	56.969	1251.5	-0.37481	98.302	0.17168	0.011268	liquid
120.69	0.20101	408.84	0.0024460	0.50362	0.51151	4.3712	32.353	57.044	1246.3	-0.37200	97.338	0.17097	0.011172	liquid
121.19	0.20814	408.07	0.0024506	0.53202	0.54020	4.6061	32.319	57.121	1241.1	-0.36915	96.385	0.17026	0.011076	liquid
121.69	0.21545	407.29	0.0024552	0.56045	0.56893	4.8403	32.285	57.198	1235.9	-0.36625	95.444	0.16955	0.010980	liquid
122.19	0.22295	406.52	0.0024599	0.58891	0.59771	5.0739	32.252	57.276	1230.7	-0.36329	94.513	0.16883	0.010884	liquid
122.69	0.23065	405.74	0.0024647	0.61740	0.62652	5.3067	32.219	57.356	1225.5	-0.36029	93.594	0.16812	0.010789	liquid
123.19	0.23855	404.96	0.0024694	0.64593	0.65539	5.5389	32.186	57.437	1220.3	-0.35724	92.685	0.16741	0.010693	liquid
123.69	0.24664	404.17	0.0024742	0.67450	0.68429	5.7705	32.153	57.520	1215.1	-0.35414	91.787	0.16670	0.010598	liquid
124.19	0.25494	403.38	0.0024790	0.70310	0.71324	6.0014	32.121	57.603	1209.8	-0.35098	90.899	0.16598	0.010502	liquid
124.69	0.26345	402.59	0.0024839	0.73174	0.74223	6.2317	32.088	57.688	1204.6	-0.34777	90.022	0.16527	0.010407	liquid
125.19	0.27217	401.80	0.0024888	0.76041	0.77127	6.4613	32.056	57.775	1199.3	-0.34451	89.154	0.16456	0.010312	liquid
125.69	0.28110	401.01	0.0024937	0.78911	0.80036	6.6903	32.024	57.863	1194.0	-0.34119	88.297	0.16384	0.010217	liquid
126.19	0.29025	400.21	0.0024987	0.81786	0.82949	6.9187	31.992	57.952	1188.7	-0.33781	87.449	0.16313	0.010123	liquid
126.69	0.29961	399.41	0.0025037	0.84664	0.85867	7.1466	31.961	58.043	1183.4	-0.33437	86.611	0.16241	0.010028	liquid
127.19	0.30921	398.60	0.0025088	0.87546	0.88790	7.3738	31.930	58.135	1178.1	-0.33087	85.782	0.16170	0.0099334	liquid
127.69	0.31902	397.80	0.0025138	0.90432	0.91718	7.6004	31.898	58.229	1172.8	-0.32731	84.962	0.16099	0.0098390	liquid
128.19	0.32907	396.99	0.0025190	0.93321	0.94651	7.8265	31.867	58.325	1167.5	-0.32369	84.151	0.16027	0.0097447	liquid
128.69	0.33935	396.18	0.0025241	0.96215	0.97589	8.0520	31.837	58.422	1162.1	-0.32001	83.350	0.15956	0.0096506	liquid
129.19	0.34987	395.36	0.0025293	0.99113	1.0053	8.2769	31.806	58.521	1156.7	-0.31625	82.557	0.15884	0.0095566	liquid
129.69	0.36062	394.54	0.0025346	1.0201	1.0348	8.5013	31.776	58.622	1151.4	-0.31243	81.773	0.15813	0.0094627	liquid
130.19	0.37162	393.72	0.0025399	1.0492	1.0643	8.7252	31.746	58.724	1146.0	-0.30855	80.998	0.15741	0.0093690	liquid
130.69	0.38286	392.89	0.0025452	1.0783	1.0939	8.9485	31.716	58.828	1140.6	-0.30459	80.231	0.15670	0.0092754	liquid
131.19	0.39435	392.06	0.0025506	1.1074	1.1236	9.1713	31.686	58.934	1135.2	-0.30056	79.472	0.15598	0.0091820	liquid
131.69	0.40610	391.23	0.0025560	1.1366	1.1533	9.3936	31.657	59.042	1129.8	-0.29646	78.721	0.15527	0.0090887	liquid
132.19	0.41810	390.40	0.0025615	1.1659	1.1830	9.6154	31.628	59.153	1124.3	-0.29228	77.979	0.15456	0.0089955	liquid
132.69	0.43036	389.56	0.0025670	1.1951	1.2129	9.8367	31.599	59.265	1118.9	-0.28802	77.244	0.15384	0.0089025	liquid
133.19	0.44288	388.71	0.0025726	1.2244	1.2427	10.058	31.570	59.379	1113.4	-0.28369	76.518	0.15313	0.0088096	liquid
133.69	0.45567	387.87	0.0025782	1.2538	1.2727	10.278	31.542	59.495	1107.9	-0.27927	75.799	0.15241	0.0087169	liquid
134.19	0.46873	387.02	0.0025839	1.2832	1.3027	10.498	31.514	59.613	1102.4	-0.27478	75.088	0.15170	0.0086243	liquid
134.69	0.48206	386.16	0.0025896	1.3127	1.3327	10.717	31.486	59.734	1096.9	-0.27019	74.384	0.15098	0.0085319	liquid
135.19	0.49567	385.31	0.0025953	1.3422	1.3628	10.936	31.458	59.857	1091.4	-0.26553	73.688	0.15027	0.0084396	liquid
135.69	0.50955	384.45	0.0026011	1.3717	1.3930	11.155	31.431	59.982	1085.9	-0.26077	72.999	0.14956	0.0083475	liquid
136.19	0.52372	383.58	0.0026070	1.4013	1.4232	11.373	31.404	60.110	1080.4	-0.25592	72.317	0.14884	0.0082555	liquid
136.69	0.53817	382.71	0.0026129	1.4310	1.4535	11.591	31.377	60.240	1074.8	-0.25098	71.642	0.14813	0.0081637	liquid
137.19	0.55292	381.84	0.0026189	1.4607	1.4839	11.808	31.350	60.373	1069.2	-0.24594	70.975	0.14742	0.0080721	liquid
137.69	0.56795	380.96	0.0026249	1.4904	1.5144	12.025	31.324	60.508	1063.6	-0.24081	70.314	0.14670	0.0079806	liquid
138.19	0.58328	380.08	0.0026310	1.5203	1.5449	12.241	31.298	60.647	1058.0	-0.23557	69.660	0.14599	0.0078893	liquid
138.69	0.59892	379.20	0.0026372	1.5501	1.5755	12.457	31.272	60.787	1052.4	-0.23023	69.013	0.14528	0.0077981	liquid
139.19	0.61485	378.31	0.0026434	1.5800	1.6061	12.673	31.247	60.931	1046.8	-0.22479	68.372	0.14456	0.0077071	liquid
139.69	0.63109	377.41	0.0026496	1.6100	1.6368	12.888	31.221	61.078	1041.1	-0.21924	67.738	0.14385	0.0076163	liquid
140.19	0.64764	376.52	0.0026559	1.6400	1.6676	13.103	31.197	61.228	1035.5	-0.21357	67.110	0.14314	0.0075256	liquid
140.69	0.66451	375.61	0.0026623	1.6701	1.6985	13.318	31.172	61.381	1029.8	-0.20780	66.489	0.14242	0.0074352	liquid
141.19	0.68169	374.71	0.0026688	1.7003	1.7294	13.532	31.148	61.537	1024.1	-0.20190	65.874	0.14171	0.0073449	liquid
141.69	0.69919	373.80	0.0026753	1.7305	1.7605	13.746	31.124	61.696	1018.4	-0.19589	65.266	0.14100	0.0072547	liquid
142.19	0.71702	372.88	0.0026818	1.7607	1.7916	13.960	31.100	61.859	1012.6	-0.18975	64.663	0.14029	0.0071648	liquid
142.69	0.73517	371.96	0.0026885	1.7910	1.8227	14.174	31.077	62.025	1006.9	-0.18349	64.066	0.13957	0.0070750	liquid
143.19	0.75365	371.03	0.0026952	1.8214	1.8540	14.387	31.054	62.195	1001.1	-0.17709	63.475	0.13886	0.0069854	liquid
143.69	0.77247	370.10	0.0027020	1.8519	1.8853	14.600	31.032	62.368	995.36	-0.17056	62.891	0.13815	0.0068960	liquid
144.19	0.79163	369.17	0.0027088	1.8824	1.9168	14.812	31.009	62.546	989.56	-0.16390	62.312	0.13744	0.0068068	liquid
144.69	0.81112	368.22	0.0027157	1.9130	1.9483	15.024	30.987	62.727	983.74	-0.15709	61.738	0.13673	0.0067178	liquid
145.19	0.83096	367.28	0.0027227	1.9436	1.9799	15.236	30.966	62.913	977.91	-0.15014	61.170	0.13602	0.0066290	liquid
145.69	0.85115	366.33	0.0027298	1.9743	2.0116	15.448	30.945	63.102	972.05	-0.14304	60.608	0.13530	0.0065403	liquid
146.19	0.87169	365.37	0.0027369	2.0051	2.0434	15.660	30.924	63.297	966.18	-0.13578	60.051	0.13459	0.0064519	liquid
146.69	0.89259	364.41	0.0027442	2.0359	2.0752	15.871	30.904	63.495	960.29	-0.12837	59.500	0.13388	0.0063636	liquid
147.19	0.91385	363.44	0.0027515	2.0669	2.1072	16.082	30.884	63.698	954.38	-0.12080	58.954	0.13317	0.0062756	liquid
147.69	0.93547	362.47	0.0027589	2.0979	2.1393	16.293	30.864	63.906	948.45	-0.11305	58.413	0.13246	0.0061877	liquid
148.19	0.95745	361.49	0.0027664	2.1289	2.1714	16.504	30.845	64.119	942.50	-0.10514	57.877	0.13175	0.0061001	liquid
148.69	0.97981	360.50	0.0027739	2.1601	2.2037	16.715	30.826	64.337	936.53	-0.097046	57.346	0.13104	0.0060126	liquid
149.19	1.0025	359.51	0.0027816	2.1913	2.2360	16.925	30.808	64.560	930.54	-0.088770	56.821	0.13033	0.0059254	liquid
149.69	1.0256	358.51	0.0027893	2.2226	2.2685	17.136	30.790	64.789	924.53	-0.080306	56.300	0.12961	0.0058384	liquid
150.19	1.0491	357.51	0.0027971	2.2540	2.3011	17.346	30.773	65.024	918.50	-0.071648	55.784	0.12890	0.0057516	liquid
150.69	1.0730	356.50	0.0028051	2.2855	2.3338	17.556	30.756	65.264	912.45	-0.062789	55.273	0.12819	0.0056650	liquid
151.19	1.0973	355.48	0.0028131	2.3170	2.3665	17.766	30.739	65.511	906.38	-0.053723	54.766	0.12748	0.0055786	liquid
151.69	1.1219	354.46	0.0028212	2.3487	2.3994	17.976	30.723	65.764	900.28	-0.044444	54.265	0.12677	0.0054924	liquid
152.19	1.1469	353.43	0.0028294	2.3804	2.4324	18.185	30.708	66.023	894.16	-0.034946	53.767	0.12606	0.0054065	liquid
152.69	1.1724	352.39	0.0028378	2.4122	2.4656	18.395	30.693	66.289	888.02	-0.025220	53.275	0.12535	0.0053208	liquid
153.19	1.1982	351.34	0.0028462	2.4441	2.4988	18.605	30.679	66.563	881.86	-0.015259	52.786	0.12464	0.0052353	liquid
153.69	1.2245	350.29	0.0028548	2.4761	2.5322	18.814	30.665	66.843	875.67	-0.0050554	52.302	0.12392	0.0051500	liquid
154.19	1.2512	349.23	0.0028634	2.5082	2.5657	19.024	30.651	67.131	869.46	0.0053986	51.822	0.12321	0.0050650	liquid
154.69	1.2782	348.16	0.0028722	2.5404	2.5993	19.234	30.638	67.428	863.22	0.016112	51.347	0.12250	0.0049802	liquid
155.19	1.3057	347.09	0.0028811	2.5727	2.6331	19.443	30.626	67.732	856.96	0.027093	50.875	0.12179	0.0048957	liquid
155.69	1.3336	346.01	0.0028901	2.6051	2.6669	19.653	30.615	68.045	850.68	0.038351	50.408	0.12108	0.0048114	liquid
156.19	1.3620	344.91	0.0028993	2.6376	2.7010	19.863	30.603	68.367	844.36	0.049897	49.945	0.12036	0.0047273	liquid
156.69	1.3908	343.81	0.0029085	2.6702	2.7351	20.072	30.593	68.699	838.03	0.061740	49.485	0.11965	0.0046435	liquid
157.19	1.4200	342.71	0.0029180	2.7029	2.7694	20.282	30.583	69.040	831.66	0.073891	49.030	0.11894	0.0045600	liquid
157.69	1.4496	341.59	0.0029275	2.7358	2.8038	20.492	30.574	69.391	825.27	0.086361	48.578	0.11822	0.0044767	liquid
158.19	1.4797	340.46	0.0029372	2.7687	2.8384	20.702	30.566	69.753	818.85	0.099163	48.130	0.11751	0.0043936	liquid
158.69	1.5102	339.33	0.0029470	2.8018	2.8732	20.912	30.558	70.126	812.41	0.11231	47.685	0.11680	0.0043109	liquid
159.19	1.5412	338.18	0.0029570	2.8350	2.9081	21.123	30.551	70.511	805.93	0.12581	47.244	0.11608	0.0042284	liquid
159.69	1.5726	337.03	0.0029671	2.8683	2.9431	21.333	30.545	70.907	799.43	0.13968	46.807	0.11537	0.0041461	liquid
160.19	1.6045	335.86	0.0029774	2.9017	2.9784	21.544	30.539	71.317	792.89	0.15394	46.373	0.11465	0.0040642	liquid
160.69	1.6369	334.69	0.0029879	2.9353	3.0138	21.755	30.534	71.740	786.33	0.16859	45.942	0.11393	0.0039825	liquid
161.19	1.6697	333.50	0.0029985	2.9690	3.0493	21.966	30.531	72.177	779.73	0.18366	45.514	0.11322	0.0039011	liquid
161.69	1.7030	332.30	0.0030093	3.0028	3.0851	22.178	30.527	72.628	773.11	0.19917	45.090	0.11250	0.0038199	liquid
162.19	1.7367	331.10	0.0030203	3.0368	3.1210	22.389	30.525	73.095	766.45	0.21513	44.669	0.11178	0.0037391	liquid
162.69	1.7709	329.88	0.0030314	3.0710	3.1571	22.601	30.524	73.578	759.75	0.23155	44.251	0.11106	0.0036586	liquid
163.19	1.8057	328.65	0.0030428	3.1052	3.1934	22.814	30.524	74.079	753.02	0.24847	43.835	0.11034	0.0035783	liquid
163.69	1.8409	327.40	0.0030543	3.1397	3.2299	23.026	30.524	74.597	746.26	0.26589	43.423	0.10962	0.0034984	liquid
164.19	1.8765	326.15	0.0030661	3.1743	3.2666	23.240	30.526	75.135	739.46	0.28385	43.014	0.10890	0.0034188	liquid
164.69	1.9127	324.88	0.0030781	3.2090	3.3035	23.453	30.529	75.692	732.63	0.30237	42.607	0.10818	0.0033395	liquid
165.19	1.9494	323.60	0.0030903	3.2440	3.3406	23.667	30.532	76.271	725.75	0.32146	42.202	0.10746	0.0032605	liquid
165.69	1.9866	322.30	0.0031027	3.2791	3.3779	23.882	30.537	76.873	718.84	0.34117	41.801	0.10673	0.0031818	liquid
166.19	2.0243	320.99	0.0031153	3.3143	3.4155	24.097	30.543	77.498	711.89	0.36152	41.401	0.10601	0.0031034	liquid
166.69	2.0625	319.67	0.0031283	3.3498	3.4533	24.312	30.551	78.149	704.89	0.38253	41.004	0.10528	0.0030254	liquid
167.19	2.1012	318.33	0.0031414	3.3855	3.4914	24.529	30.559	78.826	697.86	0.40424	40.610	0.10456	0.0029478	liquid
167.69	2.1405	316.97	0.0031548	3.4213	3.5297	24.746	30.569	79.532	690.78	0.42669	40.217	0.10383	0.0028705	liquid
168.19	2.1802	315.60	0.0031686	3.4574	3.5682	24.963	30.580	80.269	683.65	0.44991	39.827	0.10310	0.0027935	liquid
168.69	2.2205	314.21	0.0031826	3.4937	3.6070	25.181	30.593	81.038	676.48	0.47395	39.438	0.10237	0.0027169	liquid
169.19	2.2614	312.81	0.0031969	3.5302	3.6461	25.401	30.608	81.842	669.26	0.49884	39.051	0.10164	0.0026407	liquid
169.69	2.3028	311.38	0.0032115	3.5669	3.6855	25.620	30.624	82.684	661.99	0.52462	38.667	0.10091	0.0025648	liquid
170.19	2.3447	309.94	0.0032264	3.6039	3.7252	25.841	30.641	83.565	654.67	0.55136	38.283	0.10017	0.0024893	liquid
170.69	2.3872	308.48	0.0032417	3.6411	3.7652	26.063	30.661	84.489	647.30	0.57910	37.902	0.099436	0.0024142	liquid
171.19	2.4302	306.99	0.0032574	3.6785	3.8055	26.286	30.682	85.460	639.87	0.60790	37.521	0.098699	0.0023395	liquid
171.69	2.4738	305.49	0.0032734	3.7163	3.8462	26.509	30.706	86.480	632.38	0.63782	37.142	0.097961	0.0022653	liquid
172.19	2.5179	303.96	0.0032899	3.7543	3.8872	26.734	30.731	87.553	624.84	0.66892	36.764	0.097221	0.0021914	liquid
172.69	2.5627	302.41	0.0033067	3.7926	3.9285	26.960	30.759	88.685	617.23	0.70128	36.388	0.096479	0.0021180	liquid
173.19	2.6080	300.84	0.0033240	3.8312	3.9703	27.188	30.789	89.881	609.56	0.73497	36.012	0.095736	0.0020450	liquid
173.69	2.6539	299.24	0.0033418	3.8701	4.0124	27.417	30.822	91.144	601.82	0.77009	35.637	0.094991	0.0019724	liquid
174.19	2.7003	297.62	0.0033600	3.9094	4.0549	27.647	30.857	92.483	594.01	0.80671	35.262	0.094244	0.0019003	liquid
174.69	2.7474	295.96	0.0033788	3.9490	4.0979	27.879	30.895	93.904	586.13	0.84495	34.888	0.093496	0.0018287	liquid
175.19	2.7951	294.28	0.0033981	3.9889	4.1413	28.112	30.937	95.414	578.17	0.88491	34.514	0.092746	0.0017575	liquid
175.69	2.8434	292.57	0.0034180	4.0293	4.1852	28.347	30.982	97.023	570.14	0.92670	34.140	0.091995	0.0016869	liquid
176.19	2.8923	290.82	0.0034386	4.0701	4.2296	28.584	31.030	98.741	562.02	0.97047	33.766	0.091242	0.0016168	liquid
176.69	2.9418	289.04	0.0034597	4.1113	4.2745	28.823	31.082	100.58	553.81	1.0164	33.392	0.090488	0.0015472	liquid
177.19	2.9919	287.22	0.0034816	4.1529	4.3200	29.064	31.139	102.55	545.52	1.0645	33.017	0.089733	0.0014781	liquid
177.69	3.0427	285.37	0.0035043	4.1950	4.3661	29.308	31.200	104.67	537.12	1.1151	32.641	0.088977	0.0014096	liquid
178.19	3.0941	283.47	0.0035277	4.2377	4.4128	29.554	31.266	106.96	528.63	1.1684	32.264	0.088219	0.0013417	liquid
178.69	3.1461	281.53	0.0035520	4.2809	4.4601	29.803	31.338	109.44	520.03	1.2245	31.886	0.087461	0.0012743	liquid
179.19	3.1988	279.54	0.0035773	4.3246	4.5082	30.055	31.415	112.13	511.31	1.2838	31.506	0.086703	0.0012076	liquid
179.69	3.2522	277.50	0.0036036	4.3690	4.5570	30.310	31.499	115.06	502.48	1.3464	31.123	0.085946	0.0011415	liquid
180.19	3.3062	275.41	0.0036310	4.4140	4.6066	30.568	31.591	118.27	493.52	1.4128	30.739	0.085189	0.0010761	liquid
180.69	3.3610	273.26	0.0036595	4.4598	4.6571	30.830	31.690	121.80	484.42	1.4832	30.351	0.084434	0.0010114	liquid
181.19	3.4164	271.05	0.0036894	4.5064	4.7086	31.096	31.799	125.70	475.17	1.5581	29.959	0.083681	0.00094746	liquid
181.69	3.4725	268.76	0.0037207	4.5537	4.7610	31.367	31.918	130.04	465.77	1.6379	29.564	0.082933	0.00088424	liquid
182.19	3.5293	266.41	0.0037537	4.6021	4.8146	31.643	32.048	134.88	456.21	1.7232	29.164	0.082190	0.00082182	liquid
182.69	3.5868	263.97	0.0037884	4.6514	4.8694	31.924	32.191	140.34	446.45	1.8146	28.758	0.081456	0.00076024	liquid
183.19	3.6451	261.44	0.0038250	4.7018	4.9255	32.211	32.349	146.54	436.50	1.9128	28.346	0.080732	0.00069954	liquid
183.69	3.7040	258.80	0.0038639	4.7535	4.9831	32.505	32.525	153.64	426.34	2.0187	27.926	0.080023	0.00063978	liquid
184.19	3.7638	256.06	0.0039053	4.8066	5.0424	32.807	32.720	161.85	415.93	2.1333	27.498	0.079333	0.00058102	liquid
184.69	3.8243	253.19	0.0039497	4.8612	5.1035	33.118	32.938	171.48	405.26	2.2579	27.059	0.078671	0.00052332	liquid
185.19	3.8856	250.17	0.0039973	4.9176	5.1668	33.439	33.184	182.91	394.29	2.3939	26.608	0.078045	0.00046676	liquid
185.69	3.9477	246.98	0.0040490	4.9761	5.2325	33.772	33.464	196.72	382.99	2.5434	26.142	0.077469	0.00041144	liquid
186.19	4.0105	243.59	0.0041053	5.0370	5.3011	34.119	33.784	213.74	371.30	2.7085	25.658	0.076964	0.00035747	liquid
186.69	4.0743	239.96	0.0041673	5.1008	5.3732	34.483	34.156	235.27	359.16	2.8925	25.153	0.076560	0.00030498	liquid
187.19	4.1388	236.05	0.0042364	5.1681	5.4494	34.867	34.594	263.37	346.48	3.0995	24.620	0.076306	0.00025416	liquid
187.69	4.2043	231.77	0.0043146	5.2398	5.5308	35.278	35.121	301.62	333.14	3.3351	24.052	0.076281	0.00020521	liquid
188.19	4.2706	227.02	0.0044049	5.3173	5.6191	35.723	35.776	356.77	318.93	3.6076	23.438	0.076632	0.00015844	liquid
188.69	4.3379	221.62	0.0045122	5.4027	5.7167	36.215	36.627	443.14	303.51	3.9302	22.758	0.077646	0.00011427	liquid
189.19	4.4062	215.25	0.0046457	5.4998	5.8282	36.778	37.822	597.46	286.25	4.3250	21.981	0.079994	7.3352e-05	liquid
189.69	4.4756	207.23	0.0048255	5.6169	5.9634	37.464	39.742	948.11	265.77	4.8364	21.034	0.085710	3.6843e-05	liquid
190.19	4.5461	195.45	0.0051165	5.7800	6.1532	38.434	43.782	2409.7	238.40	5.5799	19.685	0.10584	7.4507e-06	liquid
90.694	0.011696	0.25074	3.9881	6.8310	7.5793	84.885	25.243	33.851	249.13	47.921	3.5978	0.0087984	vapor
91.194	0.012469	0.26594	3.7602	6.8428	7.5950	84.529	25.254	33.875	249.76	47.260	3.6145	0.0088554	vapor
91.694	0.013283	0.28186	3.5478	6.8546	7.6106	84.179	25.265	33.900	250.38	46.614	3.6312	0.0089127	vapor
92.194	0.014139	0.29853	3.3497	6.8664	7.6263	83.834	25.277	33.926	251.00	45.984	3.6479	0.0089702	vapor
92.694	0.015040	0.31596	3.1649	6.8782	7.6418	83.493	25.288	33.952	251.61	45.370	3.6647	0.0090279	vapor
93.194	0.015986	0.33419	2.9923	6.8899	7.6574	83.158	25.300	33.979	252.22	44.769	3.6815	0.0090858	vapor
93.694	0.016981	0.35324	2.8310	6.9016	7.6729	82.827	25.312	34.007	252.83	44.183	3.6983	0.0091440	vapor
94.194	0.018024	0.37312	2.6801	6.9133	7.6883	82.501	25.325	34.036	253.43	43.610	3.7152	0.0092024	vapor
94.694	0.019119	0.39388	2.5388	6.9250	7.7037	82.179	25.337	34.065	254.03	43.050	3.7322	0.0092610	vapor
95.194	0.020267	0.41553	2.4066	6.9366	7.7191	81.861	25.350	34.095	254.62	42.503	3.7491	0.0093199	vapor
95.694	0.021469	0.43810	2.2826	6.9482	7.7344	81.548	25.363	34.126	255.21	41.968	3.7661	0.0093791	vapor
96.194	0.022729	0.46162	2.1663	6.9598	7.7497	81.239	25.377	34.158	255.80	41.446	3.7831	0.0094385	vapor
96.694	0.024046	0.48612	2.0571	6.9713	7.7649	80.934	25.390	34.190	256.38	40.935	3.8002	0.0094981	vapor
97.194	0.025425	0.51161	1.9546	6.9829	7.7801	80.634	25.404	34.224	256.95	40.435	3.8173	0.0095580	vapor
97.694	0.026865	0.53813	1.8583	6.9943	7.7952	80.337	25.418	34.258	257.52	39.946	3.8345	0.0096181	vapor
98.194	0.028370	0.56571	1.7677	7.0058	7.8103	80.044	25.433	34.292	258.09	39.468	3.8516	0.0096785	vapor
98.694	0.029942	0.59438	1.6824	7.0172	7.8254	79.756	25.447	34.328	258.65	39.001	3.8688	0.0097392	vapor
99.194	0.031582	0.62415	1.6022	7.0286	7.8404	79.471	25.462	34.365	259.21	38.543	3.8860	0.0098001	vapor
99.694	0.033293	0.65507	1.5265	7.0399	7.8553	79.189	25.477	34.402	259.76	38.096	3.9033	0.0098613	vapor
100.19	0.035077	0.68717	1.4553	7.0513	7.8702	78.911	25.493	34.440	260.30	37.657	3.9206	0.0099228	vapor
100.69	0.036936	0.72046	1.3880	7.0625	7.8850	78.637	25.508	34.479	260.85	37.228	3.9379	0.0099845	vapor
101.19	0.038872	0.75498	1.3245	7.0738	7.8998	78.366	25.524	34.519	261.38	36.808	3.9552	0.010047	vapor
101.69	0.040887	0.79076	1.2646	7.0850	7.9145	78.099	25.540	34.560	261.92	36.397	3.9726	0.010109	vapor
102.19	0.042984	0.82784	1.2080	7.0962	7.9292	77.835	25.556	34.602	262.44	35.995	3.9900	0.010171	vapor
102.69	0.045165	0.86623	1.1544	7.1073	7.9438	77.574	25.573	34.644	262.97	35.600	4.0074	0.010234	vapor
103.19	0.047433	0.90598	1.1038	7.1184	7.9583	77.317	25.590	34.688	263.48	35.214	4.0248	0.010297	vapor
103.69	0.049789	0.94711	1.0558	7.1295	7.9728	77.063	25.607	34.732	264.00	34.836	4.0423	0.010361	vapor
104.19	0.052235	0.98966	1.0104	7.1405	7.9873	76.811	25.624	34.778	264.50	34.465	4.0598	0.010425	vapor
104.69	0.054776	1.0337	0.96744	7.1515	8.0016	76.563	25.641	34.824	265.01	34.102	4.0773	0.010489	vapor
105.19	0.057412	1.0791	0.92667	7.1624	8.0159	76.318	25.659	34.871	265.50	33.746	4.0949	0.010553	vapor
105.69	0.060146	1.1261	0.88801	7.1733	8.0302	76.076	25.677	34.920	265.99	33.397	4.1124	0.010618	vapor
106.19	0.062981	1.1746	0.85132	7.1842	8.0444	75.836	25.695	34.969	266.48	33.055	4.1300	0.010682	vapor
106.69	0.065919	1.2248	0.81649	7.1950	8.0585	75.600	25.714	35.019	266.96	32.720	4.1477	0.010748	vapor
107.19	0.068963	1.2765	0.78341	7.2058	8.0725	75.366	25.733	35.071	267.44	32.391	4.1653	0.010813	vapor
107.69	0.072116	1.3298	0.75197	7.2165	8.0865	75.135	25.752	35.123	267.91	32.069	4.1830	0.010879	vapor
108.19	0.075379	1.3849	0.72208	7.2272	8.1004	74.906	25.771	35.177	268.38	31.753	4.2006	0.010945	vapor
108.69	0.078756	1.4416	0.69365	7.2379	8.1143	74.681	25.790	35.231	268.84	31.444	4.2183	0.011012	vapor
109.19	0.082249	1.5001	0.66660	7.2485	8.1280	74.457	25.810	35.287	269.29	31.140	4.2361	0.011079	vapor
109.69	0.085861	1.5604	0.64085	7.2590	8.1417	74.237	25.830	35.343	269.74	30.842	4.2538	0.011146	vapor
110.19	0.089594	1.6225	0.61632	7.2695	8.1554	74.018	25.850	35.401	270.19	30.550	4.2716	0.011214	vapor
110.69	0.093451	1.6865	0.59295	7.2800	8.1689	73.802	25.870	35.460	270.62	30.263	4.2894	0.011282	vapor
111.19	0.097436	1.7523	0.57067	7.2904	8.1824	73.589	25.891	35.520	271.06	29.981	4.3072	0.011350	vapor
111.69	0.10155	1.8201	0.54942	7.3008	8.1958	73.377	25.912	35.581	271.49	29.705	4.3251	0.011419	vapor
112.19	0.10580	1.8898	0.52914	7.3111	8.2092	73.168	25.933	35.644	271.91	29.434	4.3429	0.011488	vapor
112.69	0.11018	1.9616	0.50979	7.3213	8.2224	72.962	25.954	35.707	272.33	29.169	4.3608	0.011557	vapor
113.19	0.11470	2.0353	0.49132	7.3316	8.2356	72.757	25.976	35.772	272.74	28.908	4.3787	0.011627	vapor
113.69	0.11936	2.1112	0.47367	7.3417	8.2487	72.555	25.998	35.838	273.14	28.651	4.3967	0.011697	vapor
114.19	0.12416	2.1891	0.45680	7.3518	8.2617	72.354	26.020	35.905	273.54	28.400	4.4146	0.011768	vapor
114.69	0.12911	2.2692	0.44068	7.3619	8.2747	72.156	26.042	35.974	273.94	28.153	4.4326	0.011838	vapor
115.19	0.13421	2.3515	0.42526	7.3719	8.2875	71.960	26.065	36.044	274.32	27.911	4.4506	0.011910	vapor
115.69	0.13946	2.4360	0.41050	7.3818	8.3003	71.766	26.088	36.115	274.71	27.673	4.4687	0.011982	vapor
116.19	0.14487	2.5228	0.39638	7.3917	8.3130	71.573	26.111	36.187	275.08	27.439	4.4867	0.012054	vapor
116.69	0.15044	2.6119	0.38286	7.4016	8.3256	71.383	26.134	36.261	275.46	27.209	4.5048	0.012126	vapor
117.19	0.15616	2.7033	0.36992	7.4114	8.3381	71.194	26.158	36.337	275.82	26.984	4.5229	0.012199	vapor
117.69	0.16205	2.7971	0.35751	7.4211	8.3505	71.007	26.181	36.413	276.18	26.762	4.5410	0.012273	vapor
118.19	0.16811	2.8934	0.34562	7.4308	8.3629	70.822	26.206	36.491	276.53	26.545	4.5592	0.012346	vapor
118.69	0.17434	2.9921	0.33421	7.4404	8.3751	70.639	26.230	36.571	276.88	26.331	4.5774	0.012421	vapor
119.19	0.18074	3.0933	0.32328	7.4499	8.3873	70.458	26.254	36.652	277.22	26.121	4.5956	0.012495	vapor
119.69	0.18732	3.1971	0.31278	7.4594	8.3994	70.278	26.279	36.735	277.56	25.914	4.6138	0.012570	vapor
120.19	0.19407	3.3035	0.30271	7.4688	8.4113	70.099	26.304	36.819	277.89	25.711	4.6321	0.012646	vapor
120.69	0.20101	3.4125	0.29304	7.4782	8.4232	69.923	26.330	36.905	278.21	25.512	4.6504	0.012722	vapor
121.19	0.20814	3.5242	0.28376	7.4875	8.4350	69.748	26.356	36.992	278.53	25.316	4.6687	0.012799	vapor
121.69	0.21545	3.6386	0.27483	7.4968	8.4467	69.574	26.381	37.081	278.84	25.123	4.6870	0.012876	vapor
122.19	0.22295	3.7557	0.26626	7.5059	8.4583	69.402	26.408	37.172	279.15	24.934	4.7054	0.012953	vapor
122.69	0.23065	3.8757	0.25801	7.5150	8.4698	69.232	26.434	37.264	279.45	24.747	4.7238	0.013031	vapor
123.19	0.23855	3.9986	0.25009	7.5241	8.4812	69.063	26.461	37.359	279.74	24.564	4.7423	0.013110	vapor
123.69	0.24664	4.1244	0.24246	7.5331	8.4925	68.895	26.488	37.455	280.03	24.384	4.7608	0.013189	vapor
124.19	0.25494	4.2531	0.23512	7.5420	8.5036	68.729	26.515	37.552	280.31	24.207	4.7793	0.013268	vapor
124.69	0.26345	4.3848	0.22806	7.5508	8.5147	68.564	26.543	37.652	280.59	24.033	4.7979	0.013348	vapor
125.19	0.27217	4.5196	0.22126	7.5596	8.5257	68.401	26.571	37.754	280.86	23.861	4.8164	0.013429	vapor
125.69	0.28110	4.6575	0.21471	7.5683	8.5366	68.238	26.599	37.857	281.12	23.693	4.8351	0.013510	vapor
126.19	0.29025	4.7985	0.20840	7.5770	8.5473	68.077	26.627	37.963	281.38	23.527	4.8537	0.013592	vapor
126.69	0.29961	4.9427	0.20232	7.5855	8.5580	67.918	26.656	38.070	281.63	23.364	4.8724	0.013674	vapor
127.19	0.30921	5.0902	0.19646	7.5940	8.5686	67.759	26.685	38.180	281.87	23.203	4.8912	0.013756	vapor
127.69	0.31902	5.2409	0.19081	7.6024	8.5790	67.602	26.714	38.292	282.11	23.045	4.9100	0.013840	vapor
128.19	0.32907	5.3951	0.18535	7.6108	8.5893	67.445	26.744	38.406	282.34	22.889	4.9288	0.013924	vapor
128.69	0.33935	5.5526	0.18010	7.6191	8.5995	67.290	26.774	38.522	282.57	22.736	4.9477	0.014008	vapor
129.19	0.34987	5.7136	0.17502	7.6273	8.6096	67.136	26.804	38.641	282.79	22.586	4.9666	0.014093	vapor
129.69	0.36062	5.8780	0.17012	7.6354	8.6196	66.984	26.835	38.761	283.00	22.437	4.9856	0.014179	vapor
130.19	0.37162	6.0461	0.16540	7.6434	8.6295	66.832	26.866	38.885	283.21	22.291	5.0046	0.014265	vapor
130.69	0.38286	6.2178	0.16083	7.6514	8.6392	66.681	26.897	39.010	283.41	22.147	5.0237	0.014352	vapor
131.19	0.39435	6.3932	0.15642	7.6593	8.6488	66.531	26.929	39.138	283.60	22.005	5.0428	0.014440	vapor
131.69	0.40610	6.5723	0.15215	7.6671	8.6583	66.382	26.961	39.269	283.79	21.866	5.0620	0.014528	vapor
132.19	0.41810	6.7552	0.14804	7.6748	8.6677	66.234	26.993	39.402	283.97	21.728	5.0812	0.014617	vapor
132.69	0.43036	6.9419	0.14405	7.6824	8.6770	66.087	27.026	39.539	284.14	21.593	5.1005	0.014707	vapor
133.19	0.44288	7.1326	0.14020	7.6900	8.6861	65.941	27.059	39.677	284.31	21.459	5.1199	0.014797	vapor
133.69	0.45567	7.3272	0.13648	7.6974	8.6951	65.796	27.093	39.819	284.47	21.328	5.1393	0.014888	vapor
134.19	0.46873	7.5259	0.13287	7.7048	8.7040	65.652	27.126	39.964	284.62	21.198	5.1588	0.014980	vapor
134.69	0.48206	7.7288	0.12939	7.7121	8.7127	65.508	27.161	40.111	284.77	21.070	5.1783	0.015072	vapor
135.19	0.49567	7.9357	0.12601	7.7193	8.7213	65.365	27.195	40.262	284.91	20.944	5.1980	0.015166	vapor
135.69	0.50955	8.1470	0.12275	7.7264	8.7298	65.223	27.230	40.416	285.05	20.820	5.2176	0.015260	vapor
136.19	0.52372	8.3625	0.11958	7.7334	8.7381	65.082	27.266	40.573	285.18	20.698	5.2374	0.015354	vapor
136.69	0.53817	8.5824	0.11652	7.7403	8.7463	64.942	27.301	40.733	285.30	20.577	5.2572	0.015450	vapor
137.19	0.55292	8.8067	0.11355	7.7472	8.7544	64.802	27.338	40.897	285.41	20.458	5.2771	0.015546	vapor
137.69	0.56795	9.0356	0.11067	7.7539	8.7623	64.663	27.374	41.065	285.52	20.341	5.2971	0.015643	vapor
138.19	0.58328	9.2691	0.10789	7.7605	8.7701	64.524	27.411	41.236	285.62	20.225	5.3172	0.015741	vapor
138.69	0.59892	9.5072	0.10518	7.7671	8.7777	64.386	27.449	41.410	285.71	20.111	5.3373	0.015840	vapor
139.19	0.61485	9.7501	0.10256	7.7735	8.7852	64.249	27.487	41.589	285.80	19.998	5.3576	0.015939	vapor
139.69	0.63109	9.9978	0.10002	7.7799	8.7925	64.113	27.525	41.771	285.88	19.887	5.3779	0.016040	vapor
140.19	0.64764	10.250	0.097558	7.7861	8.7997	63.977	27.564	41.958	285.95	19.777	5.3984	0.016141	vapor
140.69	0.66451	10.508	0.095166	7.7923	8.8068	63.841	27.604	42.149	286.02	19.668	5.4189	0.016244	vapor
141.19	0.68169	10.771	0.092846	7.7983	8.8137	63.706	27.644	42.344	286.08	19.561	5.4395	0.016347	vapor
141.69	0.69919	11.038	0.090593	7.8042	8.8204	63.572	27.684	42.543	286.13	19.456	5.4602	0.016451	vapor
142.19	0.71702	11.311	0.088406	7.8100	8.8270	63.438	27.725	42.747	286.18	19.351	5.4811	0.016556	vapor
142.69	0.73517	11.590	0.086283	7.8157	8.8334	63.304	27.766	42.956	286.22	19.248	5.5020	0.016663	vapor
143.19	0.75365	11.874	0.084221	7.8213	8.8396	63.171	27.808	43.170	286.25	19.147	5.5231	0.016770	vapor
143.69	0.77247	12.163	0.082218	7.8268	8.8457	63.038	27.851	43.389	286.27	19.046	5.5443	0.016878	vapor
144.19	0.79163	12.458	0.080272	7.8322	8.8516	62.906	27.894	43.613	286.29	18.947	5.5656	0.016987	vapor
144.69	0.81112	12.758	0.078380	7.8375	8.8574	62.774	27.938	43.842	286.30	18.848	5.5870	0.017098	vapor
145.19	0.83096	13.065	0.076542	7.8426	8.8630	62.643	27.982	44.077	286.31	18.751	5.6086	0.017209	vapor
145.69	0.85115	13.377	0.074755	7.8476	8.8684	62.511	28.027	44.317	286.30	18.655	5.6303	0.017322	vapor
146.19	0.87169	13.695	0.073017	7.8525	8.8736	62.380	28.072	44.564	286.29	18.560	5.6521	0.017436	vapor
146.69	0.89259	14.020	0.071328	7.8573	8.8787	62.250	28.118	44.816	286.27	18.467	5.6741	0.017551	vapor
147.19	0.91385	14.351	0.069684	7.8619	8.8835	62.119	28.165	45.075	286.25	18.374	5.6963	0.017667	vapor
147.69	0.93547	14.688	0.068085	7.8665	8.8882	61.989	28.212	45.341	286.21	18.282	5.7185	0.017784	vapor
148.19	0.95745	15.031	0.066529	7.8708	8.8927	61.859	28.260	45.613	286.17	18.191	5.7410	0.017903	vapor
148.69	0.97981	15.381	0.065015	7.8751	8.8971	61.729	28.309	45.892	286.13	18.101	5.7636	0.018023	vapor
149.19	1.0025	15.738	0.063541	7.8792	8.9012	61.600	28.358	46.179	286.07	18.012	5.7864	0.018145	vapor
149.69	1.0256	16.102	0.062106	7.8832	8.9051	61.470	28.408	46.473	286.01	17.924	5.8094	0.018268	vapor
150.19	1.0491	16.472	0.060708	7.8871	8.9089	61.341	28.459	46.775	285.94	17.836	5.8326	0.018392	vapor
150.69	1.0730	16.850	0.059347	7.8908	8.9124	61.211	28.511	47.086	285.86	17.750	5.8559	0.018518	vapor
151.19	1.0973	17.235	0.058022	7.8944	8.9157	61.082	28.563	47.404	285.78	17.664	5.8795	0.018645	vapor
151.69	1.1219	17.627	0.056730	7.8978	8.9188	60.953	28.616	47.732	285.69	17.579	5.9032	0.018774	vapor
152.19	1.1469	18.027	0.055472	7.9011	8.9217	60.824	28.670	48.068	285.59	17.495	5.9272	0.018905	vapor
152.69	1.1724	18.435	0.054245	7.9042	8.9244	60.695	28.725	48.414	285.48	17.411	5.9514	0.019037	vapor
153.19	1.1982	18.850	0.053050	7.9072	8.9269	60.565	28.781	48.770	285.36	17.329	5.9758	0.019171	vapor
153.69	1.2245	19.274	0.051884	7.9100	8.9292	60.436	28.837	49.136	285.24	17.246	6.0005	0.019306	vapor
154.19	1.2512	19.705	0.050747	7.9126	8.9312	60.307	28.894	49.513	285.11	17.165	6.0254	0.019444	vapor
154.69	1.2782	20.145	0.049639	7.9151	8.9330	60.177	28.953	49.901	284.97	17.084	6.0506	0.019583	vapor
155.19	1.3057	20.594	0.048558	7.9174	8.9346	60.048	29.012	50.301	284.83	17.004	6.0761	0.019725	vapor
155.69	1.3336	21.051	0.047503	7.9196	8.9359	59.918	29.072	50.713	284.67	16.924	6.1018	0.019868	vapor
156.19	1.3620	21.518	0.046474	7.9216	8.9370	59.788	29.133	51.137	284.51	16.844	6.1278	0.020013	vapor
156.69	1.3908	21.993	0.045469	7.9234	8.9379	59.658	29.196	51.575	284.34	16.766	6.1541	0.020161	vapor
157.19	1.4200	22.478	0.044489	7.9250	8.9385	59.527	29.259	52.026	284.16	16.687	6.1807	0.020311	vapor
157.69	1.4496	22.972	0.043531	7.9265	8.9388	59.396	29.323	52.492	283.98	16.609	6.2076	0.020463	vapor
158.19	1.4797	23.476	0.042597	7.9277	8.9389	59.265	29.389	52.973	283.78	16.532	6.2348	0.020618	vapor
158.69	1.5102	23.990	0.041684	7.9288	8.9387	59.134	29.456	53.471	283.58	16.455	6.2624	0.020775	vapor
159.19	1.5412	24.514	0.040792	7.9296	8.9382	59.002	29.524	53.984	283.37	16.378	6.2904	0.020934	vapor
159.69	1.5726	25.049	0.039921	7.9303	8.9375	58.870	29.593	54.515	283.15	16.301	6.3187	0.021097	vapor
160.19	1.6045	25.595	0.039070	7.9308	8.9365	58.737	29.663	55.065	282.92	16.225	6.3474	0.021262	vapor
160.69	1.6369	26.151	0.038239	7.9310	8.9352	58.604	29.735	55.634	282.69	16.149	6.3765	0.021430	vapor
161.19	1.6697	26.719	0.037426	7.9311	8.9336	58.470	29.808	56.223	282.44	16.073	6.4060	0.021601	vapor
161.69	1.7030	27.299	0.036631	7.9309	8.9317	58.336	29.882	56.833	282.19	15.998	6.4360	0.021775	vapor
162.19	1.7367	27.891	0.035854	7.9305	8.9295	58.201	29.958	57.466	281.93	15.922	6.4664	0.021953	vapor
162.69	1.7709	28.494	0.035095	7.9299	8.9269	58.066	30.035	58.122	281.66	15.847	6.4973	0.022134	vapor
163.19	1.8057	29.111	0.034351	7.9290	8.9241	57.930	30.114	58.804	281.38	15.772	6.5287	0.022319	vapor
163.69	1.8409	29.740	0.033624	7.9279	8.9209	57.793	30.194	59.512	281.09	15.696	6.5605	0.022508	vapor
164.19	1.8765	30.383	0.032913	7.9265	8.9174	57.655	30.277	60.247	280.79	15.621	6.5930	0.022700	vapor
164.69	1.9127	31.040	0.032217	7.9249	8.9135	57.516	30.360	61.013	280.49	15.546	6.6259	0.022897	vapor
165.19	1.9494	31.710	0.031536	7.9230	8.9093	57.377	30.446	61.810	280.17	15.471	6.6595	0.023098	vapor
165.69	1.9866	32.395	0.030869	7.9209	8.9047	57.237	30.533	62.640	279.85	15.395	6.6936	0.023304	vapor
166.19	2.0243	33.096	0.030215	7.9184	8.8997	57.095	30.623	63.505	279.51	15.319	6.7284	0.023515	vapor
166.69	2.0625	33.811	0.029576	7.9157	8.8943	56.953	30.714	64.408	279.17	15.243	6.7639	0.023731	vapor
167.19	2.1012	34.543	0.028949	7.9127	8.8886	56.810	30.807	65.351	278.82	15.167	6.8000	0.023953	vapor
167.69	2.1405	35.292	0.028335	7.9094	8.8824	56.665	30.903	66.337	278.46	15.091	6.8369	0.024180	vapor
168.19	2.1802	36.057	0.027734	7.9057	8.8758	56.519	31.000	67.369	278.09	15.014	6.8746	0.024413	vapor
168.69	2.2205	36.840	0.027144	7.9018	8.8688	56.372	31.101	68.449	277.71	14.937	6.9130	0.024653	vapor
169.19	2.2614	37.642	0.026566	7.8975	8.8613	56.224	31.203	69.582	277.32	14.859	6.9523	0.024900	vapor
169.69	2.3028	38.462	0.026000	7.8928	8.8533	56.074	31.308	70.770	276.91	14.781	6.9925	0.025154	vapor
170.19	2.3447	39.302	0.025444	7.8878	8.8449	55.923	31.416	72.020	276.50	14.702	7.0336	0.025416	vapor
170.69	2.3872	40.163	0.024898	7.8825	8.8360	55.770	31.526	73.334	276.08	14.622	7.0757	0.025687	vapor
171.19	2.4302	41.045	0.024363	7.8767	8.8266	55.615	31.640	74.718	275.65	14.542	7.1188	0.025966	vapor
171.69	2.4738	41.949	0.023838	7.8705	8.8166	55.459	31.756	76.178	275.21	14.460	7.1630	0.026255	vapor
172.19	2.5179	42.877	0.023323	7.8640	8.8061	55.300	31.876	77.719	274.75	14.378	7.2083	0.026554	vapor
172.69	2.5627	43.828	0.022817	7.8569	8.7950	55.140	31.999	79.350	274.29	14.295	7.2549	0.026864	vapor
173.19	2.6080	44.804	0.022319	7.8495	8.7833	54.978	32.125	81.078	273.81	14.211	7.3027	0.027186	vapor
173.69	2.6539	45.807	0.021831	7.8415	8.7710	54.813	32.256	82.911	273.32	14.126	7.3519	0.027520	vapor
174.19	2.7003	46.837	0.021351	7.8331	8.7580	54.646	32.390	84.860	272.82	14.039	7.4026	0.027869	vapor
174.69	2.7474	47.896	0.020879	7.8241	8.7444	54.476	32.528	86.935	272.31	13.951	7.4547	0.028233	vapor
175.19	2.7951	48.985	0.020414	7.8146	8.7300	54.304	32.671	89.150	271.79	13.861	7.5085	0.028613	vapor
175.69	2.8434	50.106	0.019958	7.8046	8.7150	54.129	32.819	91.517	271.25	13.770	7.5640	0.029010	vapor
176.19	2.8923	51.261	0.019508	7.7939	8.6991	53.951	32.971	94.055	270.70	13.677	7.6214	0.029427	vapor
176.69	2.9418	52.450	0.019066	7.7826	8.6824	53.770	33.129	96.780	270.14	13.582	7.6807	0.029866	vapor
177.19	2.9919	53.678	0.018630	7.7707	8.6649	53.585	33.293	99.716	269.56	13.485	7.7421	0.030327	vapor
177.69	3.0427	54.944	0.018200	7.7580	8.6464	53.396	33.463	102.89	268.97	13.385	7.8058	0.030815	vapor
178.19	3.0941	56.253	0.017777	7.7446	8.6270	53.204	33.639	106.32	268.37	13.284	7.8720	0.031330	vapor
178.69	3.1461	57.606	0.017359	7.7305	8.6066	53.007	33.822	110.05	267.74	13.179	7.9408	0.031878	vapor
179.19	3.1988	59.008	0.016947	7.7155	8.5851	52.806	34.013	114.12	267.11	13.072	8.0125	0.032460	vapor
179.69	3.2522	60.460	0.016540	7.6995	8.5625	52.600	34.212	118.57	266.45	12.961	8.0872	0.033082	vapor
180.19	3.3062	61.967	0.016138	7.6827	8.5386	52.389	34.420	123.46	265.78	12.847	8.1654	0.033748	vapor
180.69	3.3610	63.533	0.015740	7.6648	8.5134	52.172	34.637	128.87	265.08	12.729	8.2472	0.034463	vapor
181.19	3.4164	65.163	0.015346	7.6457	8.4868	51.948	34.865	134.86	264.37	12.607	8.3331	0.035236	vapor
181.69	3.4725	66.863	0.014956	7.6255	8.4587	51.718	35.105	141.55	263.63	12.481	8.4234	0.036072	vapor
182.19	3.5293	68.638	0.014569	7.6040	8.4289	51.480	35.357	149.06	262.87	12.349	8.5187	0.036983	vapor
182.69	3.5868	70.497	0.014185	7.5810	8.3972	51.234	35.623	157.54	262.09	12.213	8.6195	0.037980	vapor
183.19	3.6451	72.447	0.013803	7.5564	8.3636	50.979	35.905	167.21	261.27	12.070	8.7265	0.039076	vapor
183.69	3.7040	74.499	0.013423	7.5301	8.3277	50.713	36.205	178.32	260.43	11.920	8.8405	0.040290	vapor
184.19	3.7638	76.665	0.013044	7.5018	8.2894	50.436	36.524	191.22	259.54	11.763	8.9624	0.041644	vapor
184.69	3.8243	78.960	0.012665	7.4714	8.2484	50.146	36.866	206.37	258.62	11.598	9.0934	0.043167	vapor
185.19	3.8856	81.401	0.012285	7.4384	8.2042	49.840	37.234	224.41	257.65	11.422	9.2349	0.044895	vapor
185.69	3.9477	84.012	0.011903	7.4026	8.1564	49.518	37.632	246.25	256.63	11.236	9.3889	0.046878	vapor
186.19	4.0105	86.821	0.011518	7.3634	8.1045	49.175	38.067	273.21	255.53	11.037	9.5577	0.049185	vapor
186.69	4.0743	89.866	0.011128	7.3202	8.0475	48.808	38.546	307.34	254.36	10.823	9.7444	0.051910	vapor
187.19	4.1388	93.199	0.010730	7.2722	7.9847	48.411	39.081	351.89	253.09	10.591	9.9534	0.055197	vapor
187.69	4.2043	96.894	0.010321	7.2182	7.9143	47.976	39.689	412.48	251.67	10.337	10.191	0.059267	vapor
188.19	4.2706	101.06	0.0098953	7.1564	7.8343	47.493	40.399	499.62	250.06	10.053	10.467	0.064495	vapor
188.69	4.3379	105.87	0.0094455	7.0839	7.7412	46.944	41.265	635.54	248.16	9.7305	10.795	0.071572	vapor
189.19	4.4062	111.65	0.0089568	6.9956	7.6287	46.295	42.401	876.53	245.72	9.3500	11.205	0.081992	vapor
189.69	4.4756	119.07	0.0083982	6.8805	7.4835	45.478	44.101	1416.0	242.13	8.8732	11.758	0.099877	vapor
190.19	4.5461	130.31	0.0076739	6.7044	7.2641	44.275	47.486	3579.5	234.93	8.1908	12.658	0.14469	vapor