Temperature (K)	Pressure (MPa)	Density (kg/m3)	Volume (m3/kg)	Internal Energy (kJ/mol)	Enthalpy (kJ/mol)	Entropy (J/mol*K)	Cv (J/mol*K)	Cp (J/mol*K)	Sound Spd. (m/s)	Joule-Thomson (K/MPa)	Viscosity (uPa*s)	Therm. Cond. (W/m*K)	Surf. Tension (N/m)	Phase
24.556	0.043355	1249.7	0.00080019	-0.097036	-0.096336	-3.6952	18.692	37.165	636.98	-0.29027	171.36	0.10841	0.0056271	liquid
24.806	0.047502	1245.5	0.00080290	-0.087761	-0.086991	-3.3193	18.623	37.241	632.98	-0.28801	166.54	0.10743	0.0055436	liquid
25.056	0.051949	1241.3	0.00080563	-0.078468	-0.077623	-2.9464	18.555	37.323	628.96	-0.28564	161.91	0.10645	0.0054601	liquid
25.306	0.056708	1237.0	0.00080840	-0.069156	-0.068231	-2.5765	18.487	37.409	624.93	-0.28316	157.49	0.10548	0.0053768	liquid
25.556	0.061794	1232.7	0.00081120	-0.059825	-0.058814	-2.2095	18.421	37.502	620.88	-0.28056	153.24	0.10452	0.0052936	liquid
25.806	0.067221	1228.4	0.00081404	-0.050473	-0.049369	-1.8452	18.356	37.600	616.81	-0.27786	149.17	0.10356	0.0052104	liquid
26.056	0.073004	1224.1	0.00081690	-0.041100	-0.039896	-1.4835	18.292	37.703	612.72	-0.27503	145.27	0.10261	0.0051273	liquid
26.306	0.079157	1219.8	0.00081981	-0.031703	-0.030393	-1.1244	18.230	37.813	608.62	-0.27208	141.52	0.10166	0.0050444	liquid
26.556	0.085696	1215.4	0.00082275	-0.022282	-0.020859	-0.76781	18.168	37.928	604.49	-0.26901	137.91	0.10072	0.0049615	liquid
26.806	0.092635	1211.1	0.00082573	-0.012835	-0.011291	-0.41355	18.107	38.050	600.34	-0.26581	134.44	0.099786	0.0048788	liquid
27.056	0.099990	1206.6	0.00082874	-0.0033612	-0.0016891	-0.061553	18.048	38.177	596.17	-0.26248	131.11	0.098856	0.0047962	liquid
27.306	0.10778	1202.2	0.00083180	0.0061405	0.0079495	0.28825	17.989	38.311	591.97	-0.25902	127.90	0.097932	0.0047137	liquid
27.556	0.11601	1197.7	0.00083490	0.015672	0.017626	0.63597	17.932	38.452	587.75	-0.25541	124.80	0.097014	0.0046313	liquid
27.806	0.12471	1193.2	0.00083805	0.025233	0.027342	0.98167	17.876	38.600	583.51	-0.25167	121.82	0.096100	0.0045490	liquid
28.056	0.13388	1188.7	0.00084124	0.034827	0.037100	1.3255	17.821	38.754	579.23	-0.24778	118.94	0.095192	0.0044669	liquid
28.306	0.14355	1184.2	0.00084447	0.044455	0.046901	1.6674	17.767	38.916	574.93	-0.24373	116.17	0.094308	0.0043849	liquid
28.556	0.15373	1179.6	0.00084776	0.054117	0.056747	2.0076	17.714	39.085	570.60	-0.23954	113.48	0.093420	0.0043031	liquid
28.806	0.16443	1175.0	0.00085109	0.063815	0.066639	2.3461	17.662	39.262	566.24	-0.23518	110.89	0.092534	0.0042214	liquid
29.056	0.17568	1170.3	0.00085448	0.073552	0.076581	2.6831	17.611	39.447	561.85	-0.23065	108.39	0.091653	0.0041399	liquid
29.306	0.18749	1165.6	0.00085792	0.083328	0.086573	3.0185	17.562	39.641	557.43	-0.22595	105.96	0.090776	0.0040585	liquid
29.556	0.19988	1160.9	0.00086142	0.093144	0.096619	3.3525	17.514	39.843	552.98	-0.22107	103.62	0.089904	0.0039773	liquid
29.806	0.21286	1156.1	0.00086497	0.10300	0.10672	3.6852	17.466	40.054	548.50	-0.21601	101.34	0.089036	0.0038963	liquid
30.056	0.22645	1151.3	0.00086858	0.11291	0.11688	4.0166	17.420	40.275	543.99	-0.21076	99.142	0.088172	0.0038154	liquid
30.306	0.24066	1146.5	0.00087226	0.12286	0.12709	4.3469	17.375	40.506	539.44	-0.20530	97.006	0.087313	0.0037348	liquid
30.556	0.25552	1141.6	0.00087600	0.13285	0.13737	4.6760	17.331	40.747	534.86	-0.19964	94.934	0.086459	0.0036543	liquid
30.806	0.27104	1136.6	0.00087980	0.14290	0.14771	5.0041	17.289	40.998	530.24	-0.19377	92.922	0.085609	0.0035740	liquid
31.056	0.28724	1131.6	0.00088368	0.15300	0.15812	5.3314	17.247	41.262	525.59	-0.18767	90.968	0.084763	0.0034940	liquid
31.306	0.30414	1126.6	0.00088763	0.16315	0.16860	5.6577	17.207	41.537	520.91	-0.18134	89.069	0.083922	0.0034141	liquid
31.556	0.32175	1121.5	0.00089166	0.17336	0.17915	5.9833	17.167	41.824	516.19	-0.17477	87.223	0.083085	0.0033345	liquid
31.806	0.34009	1116.4	0.00089576	0.18363	0.18978	6.3083	17.129	42.125	511.43	-0.16794	85.426	0.082252	0.0032551	liquid
32.056	0.35917	1111.2	0.00089994	0.19396	0.20048	6.6326	17.092	42.439	506.64	-0.16085	83.677	0.081423	0.0031760	liquid
32.306	0.37903	1105.9	0.00090422	0.20435	0.21126	6.9565	17.056	42.768	501.81	-0.15349	81.973	0.080598	0.0030971	liquid
32.556	0.39966	1100.6	0.00090858	0.21480	0.22213	7.2800	17.021	43.112	496.94	-0.14583	80.312	0.079777	0.0030184	liquid
32.806	0.42110	1095.3	0.00091303	0.22533	0.23309	7.6031	16.987	43.473	492.03	-0.13788	78.693	0.078960	0.0029401	liquid
33.056	0.44336	1089.8	0.00091758	0.23592	0.24413	7.9260	16.955	43.851	487.08	-0.12961	77.113	0.078147	0.0028620	liquid
33.306	0.46645	1084.3	0.00092223	0.24659	0.25527	8.2488	16.923	44.247	482.08	-0.12101	75.570	0.077338	0.0027842	liquid
33.556	0.49040	1078.8	0.00092699	0.25733	0.26651	8.5716	16.893	44.662	477.05	-0.11206	74.063	0.076532	0.0027067	liquid
33.806	0.51523	1073.1	0.00093187	0.26816	0.27785	8.8944	16.864	45.098	471.96	-0.10275	72.590	0.075730	0.0026294	liquid
34.056	0.54094	1067.4	0.00093686	0.27907	0.28929	9.2174	16.836	45.556	466.84	-0.093053	71.150	0.074931	0.0025526	liquid
34.306	0.56757	1061.6	0.00094197	0.29006	0.30085	9.5407	16.809	46.037	461.66	-0.082952	69.740	0.074135	0.0024760	liquid
34.556	0.59513	1055.7	0.00094721	0.30114	0.31252	9.8644	16.783	46.543	456.43	-0.072425	68.360	0.073343	0.0023998	liquid
34.806	0.62364	1049.8	0.00095259	0.31232	0.32431	10.189	16.759	47.076	451.15	-0.061449	67.007	0.072554	0.0023240	liquid
35.056	0.65311	1043.7	0.00095811	0.32360	0.33623	10.514	16.736	47.638	445.82	-0.049997	65.681	0.071768	0.0022485	liquid
35.306	0.68357	1037.6	0.00096379	0.33498	0.34827	10.839	16.715	48.230	440.43	-0.038042	64.380	0.070984	0.0021734	liquid
35.556	0.71504	1031.3	0.00096962	0.34647	0.36046	11.166	16.695	48.856	434.98	-0.025554	63.103	0.070204	0.0020987	liquid
35.806	0.74753	1025.0	0.00097562	0.35807	0.37278	11.493	16.677	49.518	429.47	-0.012499	61.849	0.069425	0.0020244	liquid
36.056	0.78107	1018.5	0.00098181	0.36978	0.38526	11.822	16.660	50.218	423.89	0.0011575	60.616	0.068650	0.0019506	liquid
36.306	0.81568	1012.0	0.00098818	0.38163	0.39789	12.152	16.645	50.961	418.25	0.015455	59.403	0.067876	0.0018772	liquid
36.556	0.85136	1005.3	0.00099476	0.39360	0.41069	12.484	16.633	51.749	412.53	0.030437	58.209	0.067104	0.0018043	liquid
36.806	0.88816	998.45	0.0010015	0.40570	0.42365	12.817	16.622	52.588	406.73	0.046151	57.033	0.066334	0.0017318	liquid
37.056	0.92608	991.50	0.0010086	0.41796	0.43680	13.152	16.613	53.481	400.86	0.062647	55.873	0.065566	0.0016599	liquid
37.306	0.96515	984.41	0.0010158	0.43036	0.45014	13.490	16.608	54.435	394.89	0.079985	54.729	0.064799	0.0015885	liquid
37.556	1.0054	977.17	0.0010234	0.44292	0.46368	13.829	16.604	55.454	388.84	0.098227	53.599	0.064032	0.0015176	liquid
37.806	1.0468	969.77	0.0010312	0.45564	0.47743	14.171	16.604	56.547	382.69	0.11744	52.482	0.063267	0.0014473	liquid
38.056	1.0895	962.20	0.0010393	0.46855	0.49140	14.516	16.607	57.721	376.44	0.13772	51.376	0.062502	0.0013777	liquid
38.306	1.1333	954.46	0.0010477	0.48164	0.50560	14.864	16.614	58.986	370.08	0.15913	50.282	0.061737	0.0013086	liquid
38.556	1.1785	946.52	0.0010565	0.49494	0.52006	15.215	16.625	60.351	363.60	0.18180	49.197	0.060972	0.0012402	liquid
38.806	1.2249	938.37	0.0010657	0.50844	0.53478	15.570	16.640	61.831	357.00	0.20581	48.119	0.060206	0.0011725	liquid
39.056	1.2726	930.01	0.0010753	0.52217	0.54978	15.929	16.661	63.440	350.26	0.23132	47.049	0.059439	0.0011056	liquid
39.306	1.3216	921.41	0.0010853	0.53614	0.56509	16.292	16.687	65.196	343.39	0.25846	45.984	0.058670	0.0010393	liquid
39.556	1.3720	912.56	0.0010958	0.55038	0.58071	16.660	16.719	67.121	336.36	0.28740	44.923	0.057900	0.00097394	liquid
39.806	1.4238	903.43	0.0011069	0.56488	0.59669	17.034	16.759	69.240	329.17	0.31834	43.864	0.057127	0.00090938	liquid
40.056	1.4770	894.01	0.0011186	0.57969	0.61303	17.413	16.806	71.587	321.81	0.35151	42.806	0.056351	0.00084571	liquid
40.306	1.5316	884.25	0.0011309	0.59483	0.62978	17.799	16.863	74.200	314.26	0.38718	41.747	0.055572	0.00078299	liquid
40.556	1.5876	874.15	0.0011440	0.61031	0.64696	18.193	16.930	77.131	306.52	0.42565	40.684	0.054790	0.00072128	liquid
40.806	1.6452	863.65	0.0011579	0.62619	0.66463	18.594	17.008	80.443	298.56	0.46731	39.616	0.054004	0.00066063	liquid
41.056	1.7043	852.71	0.0011727	0.64249	0.68282	19.004	17.100	84.222	290.37	0.51261	38.539	0.053214	0.00060112	liquid
41.306	1.7649	841.29	0.0011887	0.65926	0.70159	19.425	17.208	88.578	281.94	0.56210	37.451	0.052421	0.00054284	liquid
41.556	1.8271	829.32	0.0012058	0.67656	0.72102	19.858	17.334	93.663	273.24	0.61646	36.348	0.051626	0.00048587	liquid
41.806	1.8909	816.72	0.0012244	0.69446	0.74118	20.304	17.481	99.690	264.25	0.67652	35.227	0.050832	0.00043032	liquid
42.056	1.9563	803.41	0.0012447	0.71305	0.76219	20.766	17.652	106.96	254.95	0.74336	34.081	0.050042	0.00037632	liquid
42.306	2.0235	789.25	0.0012670	0.73244	0.78417	21.247	17.853	115.94	245.31	0.81834	32.904	0.049266	0.00032400	liquid
42.556	2.0924	774.08	0.0012919	0.75278	0.80732	21.751	18.089	127.33	235.30	0.90327	31.689	0.048518	0.00027354	liquid
42.806	2.1630	757.67	0.0013198	0.77428	0.83189	22.283	18.368	142.32	224.88	1.0006	30.425	0.047823	0.00022516	liquid
43.056	2.2355	739.71	0.0013519	0.79726	0.85825	22.851	18.702	163.00	214.01	1.1137	29.095	0.047233	0.00017911	liquid
43.306	2.3099	719.67	0.0013895	0.82219	0.88696	23.468	19.106	193.50	202.62	1.2475	27.678	0.046844	0.00013576	liquid
43.556	2.3864	696.70	0.0014353	0.84990	0.91902	24.156	19.605	243.14	190.60	1.4098	26.137	0.046855	9.5573e-05	liquid
43.806	2.4649	669.14	0.0014945	0.88199	0.95632	24.957	20.243	338.03	177.80	1.6138	24.404	0.047723	5.9267e-05	liquid
44.056	2.5458	632.98	0.0015798	0.92240	1.0036	25.975	21.113	586.97	163.89	1.8879	22.318	0.050867	2.8045e-05	liquid
44.306	2.6294	570.98	0.0017514	0.98859	1.0815	27.676	22.512	2423.8	147.82	2.3355	19.220	0.064937	4.6487e-06	liquid
24.556	0.043355	4.4133	0.22659	1.4967	1.6950	69.252	12.838	22.087	128.03	17.969	3.6929	0.0057165	vapor
24.806	0.047502	4.7965	0.20849	1.4990	1.6989	68.674	12.866	22.182	128.55	17.649	3.7339	0.0057814	vapor
25.056	0.051949	5.2041	0.19216	1.5013	1.7027	68.107	12.896	22.283	129.06	17.337	3.7752	0.0058469	vapor
25.306	0.056708	5.6371	0.17740	1.5035	1.7065	67.552	12.925	22.387	129.56	17.034	3.8169	0.0059131	vapor
25.556	0.061794	6.0966	0.16403	1.5056	1.7101	67.009	12.956	22.497	130.05	16.740	3.8588	0.0059800	vapor
25.806	0.067221	6.5834	0.15190	1.5077	1.7137	66.477	12.988	22.611	130.53	16.453	3.9010	0.0060476	vapor
26.056	0.073004	7.0988	0.14087	1.5098	1.7173	65.955	13.021	22.730	131.00	16.174	3.9436	0.0061160	vapor
26.306	0.079157	7.6437	0.13083	1.5118	1.7207	65.443	13.054	22.855	131.46	15.902	3.9866	0.0061852	vapor
26.556	0.085696	8.2191	0.12167	1.5137	1.7241	64.940	13.089	22.984	131.91	15.638	4.0298	0.0062552	vapor
26.806	0.092635	8.8263	0.11330	1.5156	1.7274	64.447	13.124	23.119	132.35	15.381	4.0734	0.0063260	vapor
27.056	0.099990	9.4662	0.10564	1.5174	1.7306	63.963	13.160	23.260	132.78	15.131	4.1174	0.0063978	vapor
27.306	0.10778	10.140	0.098618	1.5192	1.7337	63.488	13.197	23.407	133.21	14.887	4.1618	0.0064705	vapor
27.556	0.11601	10.849	0.092173	1.5209	1.7367	63.020	13.235	23.559	133.62	14.650	4.2065	0.0065442	vapor
27.806	0.12471	11.594	0.086248	1.5226	1.7396	62.561	13.274	23.718	134.02	14.420	4.2517	0.0066189	vapor
28.056	0.13388	12.377	0.080794	1.5242	1.7424	62.109	13.314	23.884	134.41	14.195	4.2972	0.0066947	vapor
28.306	0.14355	13.199	0.075764	1.5257	1.7452	61.664	13.355	24.056	134.79	13.976	4.3432	0.0067717	vapor
28.556	0.15373	14.060	0.071122	1.5272	1.7478	61.226	13.397	24.236	135.17	13.762	4.3896	0.0068498	vapor
28.806	0.16443	14.963	0.066830	1.5286	1.7503	60.795	13.439	24.423	135.53	13.554	4.4364	0.0069292	vapor
29.056	0.17568	15.909	0.062857	1.5299	1.7527	60.370	13.483	24.617	135.88	13.351	4.4837	0.0070098	vapor
29.306	0.18749	16.899	0.059176	1.5312	1.7551	59.951	13.528	24.820	136.22	13.153	4.5314	0.0070919	vapor
29.556	0.19988	17.934	0.055759	1.5324	1.7573	59.538	13.574	25.032	136.55	12.959	4.5796	0.0071754	vapor
29.806	0.21286	19.016	0.052586	1.5335	1.7593	59.131	13.620	25.252	136.88	12.770	4.6283	0.0072604	vapor
30.056	0.22645	20.147	0.049634	1.5345	1.7613	58.729	13.668	25.482	137.19	12.586	4.6775	0.0073470	vapor
30.306	0.24066	21.328	0.046886	1.5355	1.7632	58.332	13.717	25.721	137.49	12.405	4.7273	0.0074353	vapor
30.556	0.25552	22.561	0.044325	1.5363	1.7649	57.939	13.767	25.971	137.78	12.229	4.7775	0.0075254	vapor
30.806	0.27104	23.847	0.041934	1.5371	1.7665	57.552	13.819	26.231	138.06	12.056	4.8284	0.0076173	vapor
31.056	0.28724	25.188	0.039701	1.5379	1.7680	57.168	13.871	26.504	138.33	11.887	4.8798	0.0077111	vapor
31.306	0.30414	26.586	0.037613	1.5385	1.7693	56.789	13.925	26.788	138.60	11.722	4.9318	0.0078070	vapor
31.556	0.32175	28.043	0.035659	1.5390	1.7705	56.414	13.979	27.084	138.85	11.560	4.9844	0.0079051	vapor
31.806	0.34009	29.561	0.033828	1.5395	1.7716	56.042	14.036	27.395	139.09	11.401	5.0377	0.0080055	vapor
32.056	0.35917	31.142	0.032111	1.5398	1.7725	55.674	14.093	27.719	139.32	11.246	5.0917	0.0081082	vapor
32.306	0.37903	32.788	0.030499	1.5401	1.7733	55.309	14.151	28.058	139.54	11.093	5.1463	0.0082136	vapor
32.556	0.39966	34.501	0.028984	1.5402	1.7740	54.947	14.211	28.414	139.75	10.943	5.2017	0.0083216	vapor
32.806	0.42110	36.284	0.027560	1.5403	1.7745	54.588	14.273	28.786	139.95	10.795	5.2578	0.0084325	vapor
33.056	0.44336	38.139	0.026220	1.5402	1.7748	54.231	14.336	29.177	140.14	10.651	5.3147	0.0085464	vapor
33.306	0.46645	40.069	0.024957	1.5401	1.7750	53.877	14.400	29.586	140.31	10.508	5.3724	0.0086635	vapor
33.556	0.49040	42.076	0.023766	1.5398	1.7750	53.525	14.466	30.017	140.48	10.368	5.4310	0.0087840	vapor
33.806	0.51523	44.164	0.022643	1.5394	1.7748	53.175	14.533	30.469	140.64	10.230	5.4905	0.0089081	vapor
34.056	0.54094	46.335	0.021582	1.5389	1.7744	52.826	14.602	30.945	140.79	10.095	5.5509	0.0090361	vapor
34.306	0.56757	48.593	0.020579	1.5382	1.7739	52.479	14.672	31.446	140.92	9.9607	5.6123	0.0091681	vapor
34.556	0.59513	50.941	0.019631	1.5374	1.7732	52.134	14.745	31.975	141.05	9.8285	5.6748	0.0093044	vapor
34.806	0.62364	53.383	0.018733	1.5365	1.7723	51.790	14.819	32.533	141.17	9.6981	5.7383	0.0094454	vapor
35.056	0.65311	55.922	0.017882	1.5355	1.7712	51.446	14.895	33.122	141.27	9.5692	5.8030	0.0095913	vapor
35.306	0.68357	58.563	0.017076	1.5343	1.7698	51.103	14.973	33.747	141.37	9.4417	5.8689	0.0097426	vapor
35.556	0.71504	61.311	0.016310	1.5330	1.7683	50.761	15.053	34.408	141.45	9.3155	5.9362	0.0098994	vapor
35.806	0.74753	64.169	0.015584	1.5315	1.7665	50.419	15.135	35.110	141.53	9.1904	6.0047	0.010062	vapor
36.056	0.78107	67.144	0.014893	1.5298	1.7646	50.076	15.219	35.857	141.59	9.0664	6.0748	0.010232	vapor
36.306	0.81568	70.240	0.014237	1.5280	1.7623	49.733	15.306	36.652	141.65	8.9432	6.1464	0.010408	vapor
36.556	0.85136	73.463	0.013612	1.5260	1.7598	49.390	15.395	37.500	141.69	8.8208	6.2196	0.010592	vapor
36.806	0.88816	76.821	0.013017	1.5238	1.7571	49.046	15.487	38.406	141.72	8.6989	6.2946	0.010784	vapor
37.056	0.92608	80.319	0.012450	1.5214	1.7541	48.700	15.582	39.377	141.75	8.5775	6.3715	0.010985	vapor
37.306	0.96515	83.965	0.011910	1.5188	1.7508	48.353	15.680	40.420	141.76	8.4563	6.4504	0.011196	vapor
37.556	1.0054	87.768	0.011394	1.5160	1.7472	48.005	15.780	41.541	141.76	8.3352	6.5315	0.011417	vapor
37.806	1.0468	91.736	0.010901	1.5130	1.7433	47.654	15.885	42.751	141.76	8.2141	6.6150	0.011649	vapor
38.056	1.0895	95.880	0.010430	1.5097	1.7390	47.300	15.992	44.059	141.74	8.0926	6.7009	0.011894	vapor
38.306	1.1333	100.21	0.0099792	1.5062	1.7344	46.943	16.104	45.479	141.72	7.9708	6.7897	0.012152	vapor
38.556	1.1785	104.74	0.0095479	1.5024	1.7295	46.583	16.220	47.024	141.69	7.8482	6.8814	0.012426	vapor
38.806	1.2249	109.47	0.0091347	1.4984	1.7242	46.220	16.340	48.711	141.64	7.7248	6.9763	0.012715	vapor
39.056	1.2726	114.44	0.0087386	1.4940	1.7184	45.851	16.465	50.560	141.60	7.6004	7.0748	0.013024	vapor
39.306	1.3216	119.64	0.0083585	1.4893	1.7123	45.478	16.595	52.596	141.54	7.4745	7.1772	0.013352	vapor
39.556	1.3720	125.10	0.0079934	1.4843	1.7056	45.099	16.731	54.846	141.47	7.3471	7.2839	0.013703	vapor
39.806	1.4238	130.85	0.0076425	1.4789	1.6985	44.714	16.873	57.347	141.40	7.2179	7.3953	0.014080	vapor
40.056	1.4770	136.89	0.0073049	1.4731	1.6909	44.321	17.021	60.141	141.32	7.0865	7.5119	0.014485	vapor
40.306	1.5316	143.27	0.0069797	1.4669	1.6826	43.921	17.178	63.282	141.24	6.9526	7.6344	0.014923	vapor
40.556	1.5876	150.01	0.0066661	1.4602	1.6738	43.511	17.342	66.838	141.15	6.8160	7.7635	0.015398	vapor
40.806	1.6452	157.15	0.0063634	1.4530	1.6643	43.091	17.515	70.897	141.06	6.6762	7.9000	0.015917	vapor
41.056	1.7043	164.73	0.0060707	1.4452	1.6540	42.660	17.699	75.570	140.96	6.5329	8.0449	0.016485	vapor
41.306	1.7649	172.79	0.0057873	1.4368	1.6429	42.215	17.893	81.008	140.86	6.3856	8.1994	0.017112	vapor
41.556	1.8271	181.41	0.0055123	1.4277	1.6310	41.755	18.101	87.416	140.75	6.2336	8.3651	0.017808	vapor
41.806	1.8909	190.66	0.0052450	1.4178	1.6180	41.277	18.324	95.076	140.64	6.0764	8.5437	0.018589	vapor
42.056	1.9563	200.62	0.0049844	1.4070	1.6038	40.777	18.563	104.40	140.53	5.9132	8.7378	0.019473	vapor
42.306	2.0235	211.44	0.0047295	1.3951	1.5882	40.253	18.823	115.98	140.41	5.7429	8.9503	0.020486	vapor
42.556	2.0924	223.26	0.0044791	1.3820	1.5711	39.698	19.107	130.77	140.28	5.5640	9.1854	0.021668	vapor
42.806	2.1630	236.31	0.0042316	1.3673	1.5520	39.104	19.420	150.33	140.14	5.3747	9.4492	0.023072	vapor
43.056	2.2355	250.93	0.0039851	1.3506	1.5304	38.462	19.770	177.38	139.99	5.1721	9.7502	0.024788	vapor
43.306	2.3099	267.62	0.0037366	1.3314	1.5056	37.753	20.168	217.27	139.81	4.9517	10.102	0.026968	vapor
43.556	2.3864	287.24	0.0034814	1.3086	1.4762	36.949	20.633	281.87	139.59	4.7061	10.529	0.029902	vapor
43.806	2.4649	311.44	0.0032108	1.2801	1.4399	35.995	21.195	403.90	139.32	4.4211	11.076	0.034247	vapor
44.056	2.5458	344.26	0.0029048	1.2414	1.3906	34.760	21.920	715.97	138.92	4.0641	11.864	0.042041	vapor
44.306	2.6294	402.92	0.0024819	1.1723	1.3040	32.697	23.000	2862.9	138.28	3.5067	13.437	0.047716	vapor
