Temperature (K)	Pressure (MPa)	Density (l, kg/m3)	Volume (l, m3/kg)	Internal Energy (l, kJ/mol)	Enthalpy (l, kJ/mol)	Entropy (l, J/mol*K)	Cv (l, J/mol*K)	Cp (l, J/mol*K)	Sound Spd. (l, m/s)	Joule-Thomson (l, K/MPa)	Viscosity (l, Pa*s)	Therm. Cond. (l, W/m*K)	Phase1
10.000	0.10000	4.9529	0.20190	0.14076	0.22157	40.989	12.477	21.663	184.57	3.0409	2.2582e-06	0.016889	vapor
10.000	0.60000	34.562	0.028934	0.11698	0.18647	23.753	12.370	27.646	183.27	2.4865	2.6871e-06	0.019863	vapor
10.000	0.60000	34.562	0.028934	0.11698	0.18647	23.753	12.370	27.646	183.27	2.4865	2.6871e-06	0.019863	supercritical
10.000	0.60000	34.562	0.028934	0.11698	0.18647	23.753	12.370	27.646	183.27	2.4865	2.6871e-06	0.019863	supercritical
10.000	1.1000	67.351	0.014848	0.093717	0.15909	16.959	12.090	30.845	203.02	1.3546	3.1563e-06	0.023597	supercritical
10.000	1.6000	94.011	0.010637	0.076699	0.14482	13.053	11.900	28.997	236.56	0.53417	3.6268e-06	0.027202	supercritical
10.000	2.1000	111.96	0.0089319	0.066270	0.14135	10.769	11.787	25.610	270.76	0.016299	4.0564e-06	0.030402	supercritical
10.000	2.6000	124.64	0.0080234	0.059640	0.14314	9.2590	11.704	23.142	301.40	-0.29331	4.4522e-06	0.033262	supercritical
10.000	3.1000	134.23	0.0074497	0.055152	0.14759	8.1596	11.634	21.371	328.74	-0.49806	4.8241e-06	0.035854	supercritical
10.000	3.6000	141.91	0.0070467	0.051976	0.15351	7.3036	11.571	20.079	353.08	-0.64067	5.1797e-06	0.038238	supercritical
10.000	4.1000	148.31	0.0067426	0.049661	0.16031	6.6048	11.512	19.100	374.92	-0.74460	5.5248e-06	0.040463	supercritical
10.000	4.6000	153.81	0.0065015	0.047949	0.16766	6.0148	11.457	18.332	394.74	-0.82334	5.8634e-06	0.042562	supercritical
10.000	5.1000	158.64	0.0063035	0.046681	0.17536	5.5042	11.403	17.710	412.90	-0.88492	6.1986e-06	0.044561	supercritical
10.000	5.6000	162.96	0.0061364	0.045751	0.18330	5.0538	11.352	17.193	429.69	-0.93433	6.5323e-06	0.046477	supercritical
10.000	6.1000	166.87	0.0059925	0.045087	0.19140	4.6508	11.303	16.755	445.34	-0.97483	6.8662e-06	0.048323	supercritical
10.000	6.6000	170.46	0.0058666	0.044637	0.19961	4.2859	11.255	16.376	460.01	-1.0086	7.2014e-06	0.050110	supercritical
10.000	7.1000	173.77	0.0057548	0.044363	0.20791	3.9524	11.208	16.045	473.84	-1.0372	7.5389e-06	0.051846	supercritical
10.000	7.6000	176.85	0.0056547	0.044236	0.21625	3.6451	11.163	15.751	486.95	-1.0617	7.8795e-06	0.053537	supercritical
10.000	8.1000	179.73	0.0055640	0.044233	0.22462	3.3601	11.118	15.488	499.41	-1.0829	8.2238e-06	0.055188	supercritical
10.000	8.6000	182.44	0.0054813	0.044337	0.23302	3.0943	11.075	15.250	511.31	-1.1014	8.5725e-06	0.056803	supercritical
10.000	9.1000	185.00	0.0054054	0.044533	0.24142	2.8451	11.033	15.034	522.70	-1.1178	8.9259e-06	0.058387	supercritical
10.000	9.6000	187.43	0.0053353	0.044810	0.24982	2.6105	10.991	14.836	533.65	-1.1323	9.2846e-06	0.059941	supercritical
10.000	10.100	189.75	0.0052702	0.045158	0.25821	2.3889	10.950	14.653	544.19	-1.1452	9.6489e-06	0.061469	supercritical
10.000	10.600	191.95	0.0052096	0.045568	0.26660	2.1788	10.910	14.484	554.36	-1.1569	1.0019e-05	0.062973	supercritical
10.000	11.100	194.07	0.0051528	0.046035	0.27497	1.9790	10.871	14.327	564.20	-1.1674	1.0396e-05	0.064455	supercritical
10.000	11.600	196.10	0.0050995	0.046551	0.28332	1.7885	10.832	14.180	573.73	-1.1769	1.0779e-05	0.065915	supercritical
10.000	12.100	198.05	0.0050493	0.047112	0.29166	1.6064	10.794	14.042	582.98	-1.1856	1.1169e-05	0.067357	supercritical
10.000	12.600	199.93	0.0050018	0.047714	0.29997	1.4321	10.757	13.913	591.97	-1.1935	1.1566e-05	0.068781	supercritical
10.000	13.100	201.74	0.0049569	0.048353	0.30826	1.2647	10.721	13.791	600.72	-1.2008	1.1970e-05	0.070187	supercritical
10.000	13.600	203.49	0.0049142	0.049025	0.31653	1.1038	10.684	13.675	609.25	-1.2075	1.2382e-05	0.071578	supercritical
10.000	14.100	205.19	0.0048735	0.049728	0.32477	0.94885	10.649	13.565	617.57	-1.2136	1.2802e-05	0.072954	supercritical
10.000	14.600	206.83	0.0048348	0.050458	0.33299	0.79936	10.614	13.461	625.69	-1.2193	1.3230e-05	0.074316	supercritical
10.000	15.100	208.43	0.0047978	0.051214	0.34119	0.65495	10.580	13.362	633.64	-1.2246	1.3666e-05	0.075665	supercritical
10.000	15.600	209.98	0.0047623	0.051994	0.34936	0.51526	10.546	13.268	641.42	-1.2295	1.4111e-05	0.077001	supercritical
10.000	16.100	211.49	0.0047284	0.052795	0.35750	0.37997	10.513	13.178	649.03	-1.2340	1.4565e-05	0.078325	supercritical
10.000	16.600	212.96	0.0046958	0.053617	0.36562	0.24877	10.480	13.091	656.50	-1.2383	1.5027e-05	0.079638	supercritical
10.000	17.100	214.39	0.0046644	0.054457	0.37371	0.12141	10.448	13.009	663.82	-1.2422	1.5499e-05	0.080940	supercritical
10.000	17.600	215.78	0.0046343	0.055314	0.38178	-0.0023557	10.416	12.930	671.00	-1.2458	1.5981e-05	0.082231	supercritical
10.000	18.100	217.15	0.0046052	0.056187	0.38982	-0.12275	10.384	12.853	678.06	-1.2493	1.6472e-05	0.083513	supercritical
10.000	18.600	218.48	0.0045771	0.057074	0.39784	-0.23996	10.353	12.780	684.99	-1.2524	1.6972e-05	0.084785	supercritical
10.000	19.100	219.78	0.0045501	0.057976	0.40583	-0.35419	10.323	12.710	691.81	-1.2554	1.7483e-05	0.086048	supercritical
10.000	19.600	221.05	0.0045239	0.058890	0.41379	-0.46560	10.293	12.642	698.51	-1.2582	1.8005e-05	0.087302	supercritical
10.000	20.100	222.30	0.0044985	0.059816	0.42173	-0.57434	10.263	12.577	705.11	-1.2607	1.8537e-05	0.088547	supercritical
8.0000	0.10000	6.3445	0.15762	0.11464	0.17773	36.095	12.487	22.267	163.14	4.0913	1.9345e-06	0.014491	vapor
8.0000	0.60000	52.579	0.019019	0.079485	0.12516	16.882	12.117	35.450	161.41	2.7668	2.5624e-06	0.018786	vapor
8.0000	0.60000	52.579	0.019019	0.079485	0.12516	16.882	12.117	35.450	161.41	2.7668	2.5624e-06	0.018786	supercritical
8.0000	0.60000	52.579	0.019019	0.079485	0.12516	16.882	12.117	35.450	161.41	2.7668	2.5624e-06	0.018786	supercritical
8.0000	1.1000	99.658	0.010034	0.049885	0.094065	9.7004	11.541	31.292	210.09	0.71522	3.3503e-06	0.024385	supercritical
8.0000	1.6000	121.49	0.0082309	0.038171	0.090883	7.0573	11.292	23.844	257.62	-0.14720	3.9577e-06	0.028298	supercritical
8.0000	2.1000	134.37	0.0074422	0.032296	0.094851	5.6029	11.134	20.428	294.65	-0.54453	4.4669e-06	0.031308	supercritical
8.0000	2.6000	143.50	0.0069687	0.028779	0.10130	4.6107	11.000	18.496	325.02	-0.77171	4.9296e-06	0.033844	supercritical
8.0000	3.1000	150.64	0.0066385	0.026496	0.10887	3.8566	10.882	17.237	350.88	-0.91830	5.3686e-06	0.036091	supercritical
8.0000	3.6000	156.54	0.0063882	0.024964	0.11701	3.2469	10.773	16.337	373.54	-1.0210	5.7956e-06	0.038143	supercritical
8.0000	4.1000	161.60	0.0061881	0.023938	0.12549	2.7340	10.672	15.649	393.80	-1.0973	6.2173e-06	0.040052	supercritical
8.0000	4.6000	166.05	0.0060222	0.023274	0.13415	2.2904	10.578	15.100	412.20	-1.1564	6.6378e-06	0.041852	supercritical
8.0000	5.1000	170.04	0.0058809	0.022882	0.14293	1.8992	10.490	14.647	429.12	-1.2037	7.0601e-06	0.043565	supercritical
8.0000	5.6000	173.66	0.0057583	0.022702	0.15177	1.5488	10.406	14.263	444.82	-1.2425	7.4863e-06	0.045208	supercritical
8.0000	6.1000	176.99	0.0056501	0.022692	0.16064	1.2312	10.327	13.932	459.49	-1.2750	7.9179e-06	0.046791	supercritical
8.0000	6.6000	180.07	0.0055535	0.022821	0.16953	0.94054	10.251	13.641	473.29	-1.3026	8.3562e-06	0.048323	supercritical
8.0000	7.1000	182.94	0.0054663	0.023066	0.17841	0.67247	10.179	13.383	486.34	-1.3264	8.8024e-06	0.049811	supercritical
8.0000	7.6000	185.63	0.0053869	0.023408	0.18728	0.42355	10.109	13.151	498.73	-1.3473	9.2573e-06	0.051261	supercritical
8.0000	8.1000	188.18	0.0053142	0.023834	0.19613	0.19112	10.042	12.940	510.55	-1.3656	9.7216e-06	0.052677	supercritical
8.0000	8.6000	190.58	0.0052471	0.024332	0.20495	-0.026982	9.9780	12.748	521.87	-1.3819	1.0196e-05	0.054062	supercritical
8.0000	9.1000	192.87	0.0051848	0.024892	0.21374	-0.23250	9.9158	12.571	532.72	-1.3966	1.0682e-05	0.055420	supercritical
8.0000	9.6000	195.05	0.0051268	0.025508	0.22250	-0.42689	9.8556	12.408	543.16	-1.4098	1.1178e-05	0.056753	supercritical
8.0000	10.100	197.14	0.0050725	0.026172	0.23123	-0.61135	9.7973	12.256	553.24	-1.4217	1.1687e-05	0.058064	supercritical
8.0000	10.600	199.14	0.0050215	0.026880	0.23993	-0.78691	9.7409	12.115	562.98	-1.4327	1.2209e-05	0.059354	supercritical
8.0000	11.100	201.07	0.0049734	0.027627	0.24859	-0.95444	9.6861	11.982	572.40	-1.4426	1.2743e-05	0.060624	supercritical
8.0000	11.600	202.92	0.0049280	0.028408	0.25722	-1.1147	9.6328	11.858	581.55	-1.4518	1.3291e-05	0.061877	supercritical
8.0000	12.100	204.71	0.0048849	0.029220	0.26581	-1.2683	9.5811	11.740	590.43	-1.4603	1.3853e-05	0.063113	supercritical
8.0000	12.600	206.44	0.0048440	0.030061	0.27436	-1.4159	9.5307	11.629	599.08	-1.4681	1.4430e-05	0.064334	supercritical
8.0000	13.100	208.11	0.0048051	0.030927	0.28288	-1.5579	9.4817	11.524	607.49	-1.4754	1.5022e-05	0.065540	supercritical
8.0000	13.600	209.73	0.0047680	0.031817	0.29136	-1.6948	9.4339	11.424	615.70	-1.4822	1.5629e-05	0.066733	supercritical
8.0000	14.100	211.31	0.0047324	0.032728	0.29981	-1.8269	9.3873	11.329	623.71	-1.4885	1.6252e-05	0.067914	supercritical
8.0000	14.600	212.84	0.0046984	0.033659	0.30823	-1.9547	9.3419	11.239	631.54	-1.4943	1.6892e-05	0.069082	supercritical
8.0000	15.100	214.32	0.0046658	0.034608	0.31661	-2.0784	9.2976	11.153	639.20	-1.4998	1.7549e-05	0.070239	supercritical
8.0000	15.600	215.77	0.0046345	0.035573	0.32495	-2.1984	9.2543	11.070	646.69	-1.5049	1.8223e-05	0.071385	supercritical
8.0000	16.100	217.19	0.0046043	0.036554	0.33327	-2.3148	9.2121	10.991	654.03	-1.5097	1.8915e-05	0.072522	supercritical
8.0000	16.600	218.56	0.0045753	0.037548	0.34155	-2.4279	9.1708	10.916	661.23	-1.5142	1.9626e-05	0.073648	supercritical
8.0000	17.100	219.91	0.0045473	0.038555	0.34980	-2.5379	9.1304	10.843	668.28	-1.5184	2.0356e-05	0.074766	supercritical
8.0000	17.600	221.22	0.0045203	0.039575	0.35801	-2.6450	9.0910	10.774	675.21	-1.5223	2.1105e-05	0.075874	supercritical
8.0000	18.100	222.51	0.0044942	0.040605	0.36620	-2.7495	9.0524	10.707	682.01	-1.5260	2.1875e-05	0.076975	supercritical
8.0000	18.600	223.77	0.0044689	0.041646	0.37435	-2.8513	9.0147	10.643	688.69	-1.5294	2.2665e-05	0.078067	supercritical
8.0000	19.100	225.00	0.0044445	0.042696	0.38247	-2.9507	8.9777	10.581	695.26	-1.5327	2.3477e-05	0.079152	supercritical
8.0000	19.600	226.21	0.0044208	0.043755	0.39057	-3.0479	8.9416	10.522	701.72	-1.5357	2.4310e-05	0.080230	supercritical
8.0000	20.100	227.39	0.0043978	0.044822	0.39863	-3.1429	8.9062	10.464	708.07	-1.5385	2.5166e-05	0.081300	supercritical
6.0000	0.10000	9.0147	0.11093	0.087404	0.13180	29.478	12.538	24.028	136.81	6.0612	1.5792e-06	0.011735	vapor
6.0000	0.60000	111.90	0.0089367	0.020825	0.042287	4.9888	10.844	29.850	190.10	0.56691	3.2022e-06	0.022218	vapor
6.0000	0.60000	111.90	0.0089367	0.020825	0.042287	4.9888	10.844	29.850	190.10	0.56691	3.2022e-06	0.022218	supercritical
6.0000	0.60000	111.90	0.0089367	0.020825	0.042287	4.9888	10.844	29.850	190.10	0.56691	3.2022e-06	0.022218	supercritical
6.0000	1.1000	133.71	0.0074789	0.010978	0.043906	2.5747	10.397	18.807	253.89	-0.64490	4.0344e-06	0.025789	supercritical
6.0000	1.6000	144.89	0.0069020	0.0071261	0.051327	1.4226	10.138	15.926	293.46	-1.0445	4.6707e-06	0.028383	supercritical
6.0000	2.1000	152.80	0.0065446	0.0050715	0.060082	0.64290	9.9172	14.455	324.21	-1.2556	5.2519e-06	0.030504	supercritical
6.0000	2.6000	159.05	0.0062872	0.0039057	0.069336	0.047150	9.7217	13.510	349.96	-1.3900	5.8128e-06	0.032357	supercritical
6.0000	3.1000	164.29	0.0060870	0.0032737	0.078801	-0.43772	9.5460	12.827	372.40	-1.4848	6.3681e-06	0.034036	supercritical
6.0000	3.6000	168.82	0.0059235	0.0029989	0.088353	-0.84802	9.3866	12.299	392.44	-1.5563	6.9258e-06	0.035590	supercritical
6.0000	4.1000	172.84	0.0057857	0.0029801	0.097927	-1.2046	9.2407	11.871	410.62	-1.6128	7.4911e-06	0.037050	supercritical
6.0000	4.6000	176.47	0.0056667	0.0031537	0.10749	-1.5204	9.1063	11.512	427.34	-1.6589	8.0673e-06	0.038435	supercritical
6.0000	5.1000	179.79	0.0055622	0.0034773	0.11702	-1.8043	8.9817	11.205	442.84	-1.6975	8.6572e-06	0.039760	supercritical
6.0000	5.6000	182.85	0.0054690	0.0039209	0.12651	-2.0625	8.8657	10.938	457.34	-1.7305	9.2629e-06	0.041033	supercritical
6.0000	6.1000	185.70	0.0053851	0.0044626	0.13595	-2.2994	8.7573	10.701	470.98	-1.7591	9.8863e-06	0.042264	supercritical
6.0000	6.6000	188.37	0.0053088	0.0050859	0.14533	-2.5185	8.6556	10.489	483.88	-1.7843	1.0529e-05	0.043458	supercritical
6.0000	7.1000	190.88	0.0052389	0.0057780	0.15466	-2.7225	8.5599	10.298	496.14	-1.8066	1.1192e-05	0.044619	supercritical
6.0000	7.6000	193.26	0.0051744	0.0065289	0.16393	-2.9135	8.4697	10.123	507.83	-1.8266	1.1877e-05	0.045751	supercritical
6.0000	8.1000	195.52	0.0051146	0.0073304	0.17315	-3.0930	8.3844	9.9641	519.01	-1.8445	1.2585e-05	0.046857	supercritical
6.0000	8.6000	197.67	0.0050588	0.0081761	0.18231	-3.2626	8.3035	9.8174	529.74	-1.8608	1.3318e-05	0.047941	supercritical
6.0000	9.1000	199.74	0.0050066	0.0090603	0.19142	-3.4234	8.2269	9.6818	540.07	-1.8756	1.4076e-05	0.049004	supercritical
6.0000	9.6000	201.71	0.0049576	0.0099786	0.20047	-3.5762	8.1540	9.5560	550.02	-1.8892	1.4862e-05	0.050048	supercritical
6.0000	10.100	203.61	0.0049113	0.010927	0.20947	-3.7220	8.0847	9.4388	559.64	-1.9015	1.5675e-05	0.051074	supercritical
6.0000	10.600	205.44	0.0048676	0.011902	0.21842	-3.8615	8.0186	9.3293	568.95	-1.9129	1.6517e-05	0.052085	supercritical
6.0000	11.100	207.21	0.0048261	0.012902	0.22732	-3.9951	7.9556	9.2268	577.98	-1.9233	1.7390e-05	0.053081	supercritical
6.0000	11.600	208.92	0.0047866	0.013923	0.23617	-4.1235	7.8954	9.1306	586.74	-1.9328	1.8294e-05	0.054063	supercritical
6.0000	12.100	210.57	0.0047490	0.014964	0.24497	-4.2471	7.8380	9.0402	595.26	-1.9416	1.9232e-05	0.055032	supercritical
6.0000	12.600	212.17	0.0047132	0.016022	0.25372	-4.3663	7.7830	8.9550	603.56	-1.9497	2.0203e-05	0.055990	supercritical
6.0000	13.100	213.73	0.0046788	0.017096	0.26243	-4.4814	7.7304	8.8747	611.64	-1.9571	2.1210e-05	0.056937	supercritical
6.0000	13.600	215.24	0.0046459	0.018185	0.27109	-4.5928	7.6801	8.7988	619.52	-1.9639	2.2254e-05	0.057873	supercritical
6.0000	14.100	216.71	0.0046144	0.019288	0.27971	-4.7008	7.6319	8.7271	627.22	-1.9701	2.3335e-05	0.058799	supercritical
6.0000	14.600	218.15	0.0045840	0.020402	0.28828	-4.8055	7.5857	8.6592	634.74	-1.9758	2.4457e-05	0.059716	supercritical
6.0000	15.100	219.55	0.0045548	0.021528	0.29682	-4.9073	7.5414	8.5949	642.09	-1.9810	2.5619e-05	0.060625	supercritical
6.0000	15.600	220.91	0.0045266	0.022663	0.30531	-5.0064	7.4989	8.5340	649.29	-1.9857	2.6824e-05	0.061525	supercritical
6.0000	16.100	222.25	0.0044995	0.023809	0.31376	-5.1028	7.4581	8.4762	656.33	-1.9899	2.8072e-05	0.062418	supercritical
6.0000	16.600	223.55	0.0044732	0.024962	0.32218	-5.1969	7.4190	8.4213	663.24	-1.9937	2.9366e-05	0.063303	supercritical
6.0000	17.100	224.83	0.0044478	0.026124	0.33055	-5.2887	7.3814	8.3693	670.01	-1.9971	3.0708e-05	0.064182	supercritical
6.0000	17.600	226.08	0.0044232	0.027293	0.33889	-5.3784	7.3454	8.3199	676.65	-2.0000	3.2098e-05	0.065053	supercritical
6.0000	18.100	227.30	0.0043994	0.028469	0.34719	-5.4661	7.3108	8.2729	683.17	-2.0026	3.3539e-05	0.065919	supercritical
6.0000	18.600	228.50	0.0043763	0.029652	0.35546	-5.5520	7.2775	8.2284	689.57	-2.0049	3.5032e-05	0.066778	supercritical
6.0000	19.100	229.68	0.0043538	0.030840	0.36369	-5.6361	7.2456	8.1861	695.85	-2.0067	3.6580e-05	0.067632	supercritical
6.0000	19.600	230.84	0.0043320	0.032033	0.37189	-5.7186	7.2149	8.1459	702.03	-2.0083	3.8184e-05	0.068481	supercritical
6.0000	20.100	231.97	0.0043108	0.033232	0.38005	-5.7995	7.1855	8.1078	708.11	-2.0094	3.9846e-05	0.069324	supercritical
20.000	0.10000	2.4111	0.41474	0.26762	0.43363	55.713	12.475	20.990	263.95	1.0814	3.5816e-06	0.026198	vapor
20.000	0.60000	14.548	0.068739	0.25764	0.42272	40.331	12.492	22.010	269.10	0.94719	3.7802e-06	0.027607	vapor
20.000	0.60000	14.548	0.068739	0.25764	0.42272	40.331	12.492	22.010	269.10	0.94719	3.7802e-06	0.027607	supercritical
20.000	0.60000	14.548	0.068739	0.25764	0.42272	40.331	12.492	22.010	269.10	0.94719	3.7802e-06	0.027607	supercritical
20.000	1.1000	26.661	0.037507	0.24783	0.41297	34.842	12.507	22.947	276.38	0.78068	3.9755e-06	0.029456	supercritical
20.000	1.6000	38.455	0.026004	0.23851	0.40504	31.342	12.521	23.625	286.11	0.57691	4.1660e-06	0.031343	supercritical
20.000	2.1000	49.637	0.020146	0.23002	0.39936	28.777	12.530	24.018	297.67	0.38384	4.3501e-06	0.033133	supercritical
20.000	2.6000	60.072	0.016647	0.22244	0.39568	26.765	12.538	24.248	310.11	0.23289	4.5284e-06	0.034811	supercritical
20.000	3.1000	69.753	0.014336	0.21569	0.39358	25.117	12.548	24.384	323.05	0.11620	4.7025e-06	0.036409	supercritical
20.000	3.6000	78.698	0.012707	0.20968	0.39278	23.729	12.562	24.414	336.45	0.017277	4.8739e-06	0.037965	supercritical
20.000	4.1000	86.930	0.011504	0.20434	0.39312	22.537	12.580	24.335	350.22	-0.070964	5.0429e-06	0.039509	supercritical
20.000	4.6000	94.486	0.010584	0.19960	0.39446	21.501	12.599	24.174	364.13	-0.14925	5.2101e-06	0.041058	supercritical
20.000	5.1000	101.42	0.0098600	0.19541	0.39668	20.591	12.620	23.962	378.01	-0.21768	5.3755e-06	0.042623	supercritical
20.000	5.6000	107.79	0.0092769	0.19170	0.39964	19.782	12.640	23.722	391.75	-0.27723	5.5395e-06	0.044209	supercritical
20.000	6.1000	113.67	0.0087975	0.18842	0.40322	19.058	12.661	23.467	405.28	-0.32918	5.7022e-06	0.045817	supercritical
20.000	6.6000	119.10	0.0083965	0.18552	0.40733	18.403	12.681	23.207	418.56	-0.37474	5.8638e-06	0.047446	supercritical
20.000	7.1000	124.13	0.0080561	0.18295	0.41189	17.809	12.701	22.947	431.54	-0.41487	6.0243e-06	0.049094	supercritical
20.000	7.6000	128.81	0.0077632	0.18068	0.41683	17.265	12.720	22.691	444.20	-0.45036	6.1840e-06	0.050756	supercritical
20.000	8.1000	133.18	0.0075085	0.17866	0.42209	16.764	12.739	22.442	456.51	-0.48187	6.3429e-06	0.052431	supercritical
20.000	8.6000	137.28	0.0072846	0.17688	0.42763	16.301	12.757	22.201	468.48	-0.50993	6.5012e-06	0.054116	supercritical
20.000	9.1000	141.12	0.0070861	0.17530	0.43340	15.871	12.774	21.970	480.11	-0.53504	6.6590e-06	0.055808	supercritical
20.000	9.6000	144.75	0.0069087	0.17391	0.43938	15.469	12.790	21.749	491.40	-0.55757	6.8163e-06	0.057504	supercritical
20.000	10.100	148.17	0.0067490	0.17269	0.44552	15.093	12.805	21.538	502.38	-0.57787	6.9733e-06	0.059203	supercritical
20.000	10.600	151.42	0.0066043	0.17161	0.45181	14.740	12.820	21.337	513.05	-0.59621	7.1301e-06	0.060904	supercritical
20.000	11.100	154.50	0.0064725	0.17067	0.45824	14.407	12.833	21.145	523.42	-0.61284	7.2867e-06	0.062604	supercritical
20.000	11.600	157.44	0.0063518	0.16985	0.46477	14.092	12.846	20.963	533.52	-0.62796	7.4433e-06	0.064303	supercritical
20.000	12.100	160.24	0.0062408	0.16915	0.47139	13.793	12.857	20.790	543.37	-0.64174	7.5999e-06	0.066000	supercritical
20.000	12.600	162.92	0.0061382	0.16854	0.47811	13.510	12.868	20.624	552.96	-0.65434	7.7566e-06	0.067694	supercritical
20.000	13.100	165.48	0.0060430	0.16803	0.48489	13.239	12.879	20.467	562.32	-0.66588	7.9135e-06	0.069385	supercritical
20.000	13.600	167.94	0.0059544	0.16760	0.49173	12.981	12.888	20.317	571.46	-0.67646	8.0706e-06	0.071071	supercritical
20.000	14.100	170.31	0.0058716	0.16725	0.49863	12.735	12.897	20.174	580.39	-0.68620	8.2280e-06	0.072753	supercritical
20.000	14.600	172.59	0.0057941	0.16698	0.50557	12.498	12.905	20.038	589.12	-0.69517	8.3857e-06	0.074430	supercritical
20.000	15.100	174.79	0.0057212	0.16677	0.51256	12.271	12.912	19.908	597.66	-0.70346	8.5438e-06	0.076101	supercritical
20.000	15.600	176.91	0.0056526	0.16662	0.51957	12.053	12.919	19.784	606.03	-0.71111	8.7024e-06	0.077768	supercritical
20.000	16.100	178.96	0.0055879	0.16653	0.52662	11.843	12.925	19.665	614.23	-0.71820	8.8614e-06	0.079428	supercritical
20.000	16.600	180.94	0.0055266	0.16649	0.53370	11.641	12.930	19.551	622.27	-0.72478	9.0209e-06	0.081083	supercritical
20.000	17.100	182.87	0.0054685	0.16650	0.54079	11.445	12.935	19.442	630.16	-0.73089	9.1810e-06	0.082732	supercritical
20.000	17.600	184.73	0.0054133	0.16656	0.54791	11.257	12.940	19.338	637.91	-0.73657	9.3416e-06	0.084375	supercritical
20.000	18.100	186.54	0.0053608	0.16666	0.55503	11.074	12.944	19.237	645.52	-0.74185	9.5029e-06	0.086011	supercritical
20.000	18.600	188.30	0.0053108	0.16680	0.56218	10.897	12.948	19.141	653.01	-0.74678	9.6649e-06	0.087642	supercritical
20.000	19.100	190.01	0.0052630	0.16697	0.56933	10.726	12.951	19.049	660.37	-0.75137	9.8275e-06	0.089267	supercritical
20.000	19.600	191.67	0.0052173	0.16719	0.57649	10.560	12.954	18.960	667.61	-0.75567	9.9909e-06	0.090885	supercritical
20.000	20.100	193.29	0.0051735	0.16743	0.58365	10.398	12.957	18.874	674.75	-0.75968	1.0155e-05	0.092497	supercritical
50.000	0.10000	0.96081	1.0408	0.64307	1.0597	74.845	12.476	20.819	417.18	-0.080056	6.3602e-06	0.046678	vapor
50.000	0.60000	5.7045	0.17530	0.63963	1.0606	59.879	12.498	20.974	422.84	-0.10397	6.4558e-06	0.047334	vapor
50.000	0.60000	5.7045	0.17530	0.63963	1.0606	59.879	12.498	20.974	422.84	-0.10397	6.4558e-06	0.047334	supercritical
50.000	0.60000	5.7045	0.17530	0.63963	1.0606	59.879	12.498	20.974	422.84	-0.10397	6.4558e-06	0.047334	supercritical
50.000	1.1000	10.346	0.096653	0.63629	1.0618	54.775	12.521	21.120	428.63	-0.12666	6.5502e-06	0.048189	supercritical
50.000	1.6000	14.885	0.067181	0.63306	1.0633	51.599	12.543	21.255	434.55	-0.14899	6.6434e-06	0.049137	supercritical
50.000	2.1000	19.320	0.051760	0.62994	1.0650	49.281	12.566	21.379	440.58	-0.17139	6.7354e-06	0.050126	supercritical
50.000	2.6000	23.650	0.042284	0.62692	1.0670	47.451	12.589	21.492	446.74	-0.19393	6.8263e-06	0.051128	supercritical
50.000	3.1000	27.874	0.035876	0.62402	1.0692	45.939	12.612	21.593	452.99	-0.21644	6.9161e-06	0.052124	supercritical
50.000	3.6000	31.993	0.031257	0.62124	1.0716	44.649	12.635	21.681	459.35	-0.23860	7.0047e-06	0.053104	supercritical
50.000	4.1000	36.007	0.027773	0.61858	1.0743	43.525	12.658	21.759	465.77	-0.26004	7.0922e-06	0.054063	supercritical
50.000	4.6000	39.917	0.025052	0.61603	1.0773	42.529	12.681	21.827	472.26	-0.28042	7.1786e-06	0.054998	supercritical
50.000	5.1000	43.725	0.022870	0.61360	1.0805	41.635	12.704	21.886	478.77	-0.29948	7.2639e-06	0.055908	supercritical
50.000	5.6000	47.433	0.021082	0.61129	1.0838	40.824	12.727	21.937	485.31	-0.31705	7.3482e-06	0.056793	supercritical
50.000	6.1000	51.044	0.019591	0.60908	1.0874	40.082	12.750	21.982	491.84	-0.33307	7.4315e-06	0.057655	supercritical
50.000	6.6000	54.561	0.018328	0.60698	1.0912	39.399	12.772	22.022	498.36	-0.34758	7.5139e-06	0.058496	supercritical
50.000	7.1000	57.988	0.017245	0.60498	1.0951	38.766	12.794	22.058	504.85	-0.36069	7.5954e-06	0.059319	supercritical
50.000	7.6000	61.326	0.016306	0.60308	1.0991	38.176	12.817	22.090	511.32	-0.37255	7.6761e-06	0.060126	supercritical
50.000	8.1000	64.581	0.015484	0.60126	1.1033	37.623	12.839	22.119	517.76	-0.38333	7.7560e-06	0.060920	supercritical
50.000	8.6000	67.754	0.014759	0.59954	1.1076	37.104	12.860	22.145	524.17	-0.39320	7.8351e-06	0.061703	supercritical
50.000	9.1000	70.849	0.014114	0.59789	1.1120	36.615	12.882	22.168	530.55	-0.40231	7.9135e-06	0.062477	supercritical
50.000	9.6000	73.869	0.013538	0.59632	1.1165	36.152	12.903	22.188	536.90	-0.41079	7.9912e-06	0.063245	supercritical
50.000	10.100	76.815	0.013018	0.59482	1.1211	35.713	12.925	22.205	543.23	-0.41875	8.0683e-06	0.064008	supercritical
50.000	10.600	79.692	0.012548	0.59340	1.1258	35.295	12.946	22.220	549.53	-0.42627	8.1448e-06	0.064769	supercritical
50.000	11.100	82.500	0.012121	0.59204	1.1306	34.897	12.967	22.231	555.81	-0.43342	8.2207e-06	0.065529	supercritical
50.000	11.600	85.242	0.011731	0.59074	1.1354	34.517	12.988	22.240	562.07	-0.44023	8.2960e-06	0.066289	supercritical
50.000	12.100	87.921	0.011374	0.58951	1.1404	34.153	13.008	22.246	568.30	-0.44674	8.3708e-06	0.067051	supercritical
50.000	12.600	90.538	0.011045	0.58833	1.1454	33.805	13.029	22.250	574.51	-0.45297	8.4451e-06	0.067816	supercritical
50.000	13.100	93.095	0.010742	0.58721	1.1504	33.470	13.049	22.252	580.69	-0.45893	8.5188e-06	0.068585	supercritical
50.000	13.600	95.596	0.010461	0.58614	1.1556	33.149	13.069	22.252	586.84	-0.46462	8.5921e-06	0.069359	supercritical
50.000	14.100	98.040	0.010200	0.58513	1.1608	32.839	13.089	22.250	592.96	-0.47006	8.6649e-06	0.070138	supercritical
50.000	14.600	100.43	0.0099571	0.58416	1.1660	32.541	13.109	22.247	599.04	-0.47524	8.7372e-06	0.070924	supercritical
50.000	15.100	102.77	0.0097305	0.58324	1.1713	32.253	13.129	22.242	605.09	-0.48018	8.8091e-06	0.071717	supercritical
50.000	15.600	105.06	0.0095185	0.58237	1.1767	31.975	13.148	22.236	611.11	-0.48488	8.8806e-06	0.072517	supercritical
50.000	16.100	107.30	0.0093198	0.58155	1.1821	31.707	13.167	22.229	617.08	-0.48934	8.9516e-06	0.073325	supercritical
50.000	16.600	109.49	0.0091331	0.58076	1.1876	31.447	13.186	22.221	623.01	-0.49357	9.0223e-06	0.074141	supercritical
50.000	17.100	111.64	0.0089573	0.58002	1.1931	31.195	13.205	22.212	628.91	-0.49758	9.0926e-06	0.074965	supercritical
50.000	17.600	113.75	0.0087915	0.57932	1.1986	30.951	13.224	22.203	634.75	-0.50137	9.1625e-06	0.075799	supercritical
50.000	18.100	115.81	0.0086350	0.57865	1.2042	30.714	13.243	22.193	640.56	-0.50496	9.2321e-06	0.076641	supercritical
50.000	18.600	117.83	0.0084868	0.57802	1.2098	30.483	13.261	22.182	646.32	-0.50835	9.3014e-06	0.077492	supercritical
50.000	19.100	119.81	0.0083463	0.57743	1.2155	30.260	13.279	22.171	652.03	-0.51156	9.3703e-06	0.078352	supercritical
50.000	19.600	121.76	0.0082130	0.57687	1.2212	30.042	13.297	22.160	657.69	-0.51459	9.4389e-06	0.079222	supercritical
50.000	20.100	123.67	0.0080863	0.57635	1.2269	29.830	13.315	22.148	663.31	-0.51745	9.5072e-06	0.080101	supercritical
100.00	0.10000	0.48073	2.0802	1.2671	2.0998	89.264	12.475	20.793	589.26	-0.45474	9.7778e-06	0.073713	vapor
100.00	0.60000	2.8643	0.34913	1.2661	2.1045	74.356	12.489	20.829	593.55	-0.45859	9.8417e-06	0.074180	vapor
100.00	0.60000	2.8643	0.34913	1.2661	2.1045	74.356	12.489	20.829	593.55	-0.45859	9.8417e-06	0.074180	supercritical
100.00	0.60000	2.8643	0.34913	1.2661	2.1045	74.356	12.489	20.829	593.55	-0.45859	9.8417e-06	0.074180	supercritical
100.00	1.1000	5.2148	0.19176	1.2650	2.1093	69.306	12.503	20.863	597.85	-0.46222	9.9048e-06	0.074710	supercritical
100.00	1.6000	7.5329	0.13275	1.2640	2.1141	66.181	12.517	20.895	602.15	-0.46571	9.9672e-06	0.075278	supercritical
100.00	2.1000	9.8191	0.10184	1.2630	2.1190	63.910	12.531	20.927	606.44	-0.46911	1.0029e-05	0.075871	supercritical
100.00	2.6000	12.074	0.082824	1.2620	2.1240	62.125	12.546	20.957	610.73	-0.47245	1.0090e-05	0.076480	supercritical
100.00	3.1000	14.298	0.069941	1.2611	2.1289	60.654	12.560	20.986	615.01	-0.47575	1.0151e-05	0.077099	supercritical
100.00	3.6000	16.492	0.060637	1.2602	2.1339	59.402	12.574	21.013	619.29	-0.47903	1.0210e-05	0.077724	supercritical
100.00	4.1000	18.656	0.053603	1.2593	2.1390	58.312	12.588	21.039	623.57	-0.48230	1.0270e-05	0.078350	supercritical
100.00	4.6000	20.790	0.048099	1.2585	2.1441	57.348	12.602	21.064	627.84	-0.48555	1.0328e-05	0.078977	supercritical
100.00	5.1000	22.896	0.043675	1.2577	2.1492	56.482	12.616	21.088	632.11	-0.48878	1.0386e-05	0.079602	supercritical
100.00	5.6000	24.974	0.040042	1.2569	2.1544	55.697	12.630	21.111	636.37	-0.49199	1.0444e-05	0.080223	supercritical
100.00	6.1000	27.024	0.037004	1.2561	2.1596	54.979	12.643	21.132	640.63	-0.49515	1.0501e-05	0.080839	supercritical
100.00	6.6000	29.047	0.034427	1.2554	2.1649	54.318	12.657	21.152	644.88	-0.49826	1.0557e-05	0.081450	supercritical
100.00	7.1000	31.043	0.032214	1.2547	2.1702	53.704	12.671	21.171	649.12	-0.50130	1.0613e-05	0.082056	supercritical
100.00	7.6000	33.012	0.030292	1.2540	2.1755	53.132	12.685	21.189	653.36	-0.50426	1.0669e-05	0.082655	supercritical
100.00	8.1000	34.956	0.028607	1.2534	2.1808	52.597	12.698	21.206	657.58	-0.50713	1.0724e-05	0.083247	supercritical
100.00	8.6000	36.875	0.027119	1.2527	2.1862	52.094	12.712	21.223	661.80	-0.50989	1.0778e-05	0.083833	supercritical
100.00	9.1000	38.768	0.025794	1.2521	2.1917	51.619	12.725	21.238	666.01	-0.51254	1.0832e-05	0.084412	supercritical
100.00	9.6000	40.637	0.024608	1.2516	2.1971	51.169	12.739	21.252	670.20	-0.51507	1.0885e-05	0.084985	supercritical
100.00	10.100	42.483	0.023539	1.2510	2.2026	50.742	12.752	21.266	674.38	-0.51747	1.0939e-05	0.085551	supercritical
100.00	10.600	44.305	0.022571	1.2505	2.2081	50.336	12.765	21.279	678.55	-0.51973	1.0991e-05	0.086111	supercritical
100.00	11.100	46.103	0.021690	1.2500	2.2137	49.949	12.778	21.292	682.70	-0.52187	1.1043e-05	0.086664	supercritical
100.00	11.600	47.880	0.020886	1.2495	2.2192	49.579	12.792	21.304	686.84	-0.52387	1.1095e-05	0.087212	supercritical
100.00	12.100	49.634	0.020147	1.2491	2.2248	49.224	12.805	21.315	690.96	-0.52574	1.1146e-05	0.087754	supercritical
100.00	12.600	51.367	0.019468	1.2486	2.2304	48.884	12.818	21.326	695.07	-0.52749	1.1197e-05	0.088290	supercritical
100.00	13.100	53.078	0.018840	1.2482	2.2361	48.557	12.831	21.337	699.16	-0.52911	1.1248e-05	0.088822	supercritical
100.00	13.600	54.769	0.018259	1.2478	2.2417	48.242	12.843	21.347	703.23	-0.53061	1.1298e-05	0.089348	supercritical
100.00	14.100	56.439	0.017718	1.2474	2.2474	47.939	12.856	21.357	707.28	-0.53200	1.1348e-05	0.089870	supercritical
100.00	14.600	58.090	0.017215	1.2471	2.2531	47.647	12.869	21.366	711.32	-0.53328	1.1398e-05	0.090387	supercritical
100.00	15.100	59.721	0.016745	1.2468	2.2588	47.364	12.882	21.375	715.34	-0.53447	1.1447e-05	0.090901	supercritical
100.00	15.600	61.333	0.016305	1.2464	2.2645	47.090	12.894	21.384	719.35	-0.53556	1.1496e-05	0.091411	supercritical
100.00	16.100	62.926	0.015892	1.2462	2.2702	46.826	12.907	21.393	723.34	-0.53657	1.1544e-05	0.091917	supercritical
100.00	16.600	64.501	0.015504	1.2459	2.2760	46.569	12.919	21.401	727.31	-0.53751	1.1592e-05	0.092420	supercritical
100.00	17.100	66.057	0.015138	1.2456	2.2817	46.320	12.931	21.409	731.27	-0.53838	1.1640e-05	0.092921	supercritical
100.00	17.600	67.597	0.014794	1.2454	2.2875	46.078	12.944	21.417	735.21	-0.53918	1.1688e-05	0.093418	supercritical
100.00	18.100	69.119	0.014468	1.2451	2.2933	45.843	12.956	21.424	739.13	-0.53994	1.1735e-05	0.093914	supercritical
100.00	18.600	70.624	0.014160	1.2449	2.2991	45.615	12.968	21.432	743.04	-0.54064	1.1782e-05	0.094407	supercritical
100.00	19.100	72.112	0.013867	1.2447	2.3049	45.392	12.980	21.439	746.94	-0.54130	1.1829e-05	0.094898	supercritical
100.00	19.600	73.584	0.013590	1.2445	2.3107	45.176	12.992	21.445	750.82	-0.54192	1.1875e-05	0.095388	supercritical
100.00	20.100	75.040	0.013326	1.2444	2.3165	44.964	13.004	21.452	754.69	-0.54250	1.1922e-05	0.095876	supercritical
200.00	0.10000	0.24053	4.1576	2.5146	4.1787	103.67	12.473	20.787	832.70	-0.60440	1.5142e-05	0.11798	vapor
200.00	0.60000	1.4379	0.69546	2.5148	4.1850	88.778	12.481	20.793	835.60	-0.60424	1.5179e-05	0.11838	vapor
200.00	0.60000	1.4379	0.69546	2.5148	4.1850	88.778	12.481	20.793	835.60	-0.60424	1.5179e-05	0.11838	supercritical
200.00	0.60000	1.4379	0.69546	2.5148	4.1850	88.778	12.481	20.793	835.60	-0.60424	1.5179e-05	0.11838	supercritical
200.00	1.1000	2.6266	0.38072	2.5150	4.1912	83.739	12.488	20.798	838.50	-0.60404	1.5216e-05	0.11878	supercritical
200.00	1.6000	3.8067	0.26270	2.5152	4.1975	80.625	12.496	20.803	841.39	-0.60383	1.5253e-05	0.11918	supercritical
200.00	2.1000	4.9783	0.20087	2.5154	4.2038	78.365	12.503	20.809	844.27	-0.60360	1.5289e-05	0.11958	supercritical
200.00	2.6000	6.1416	0.16282	2.5156	4.2101	76.590	12.511	20.814	847.14	-0.60337	1.5325e-05	0.11998	supercritical
200.00	3.1000	7.2966	0.13705	2.5158	4.2164	75.129	12.518	20.819	850.01	-0.60312	1.5360e-05	0.12038	supercritical
200.00	3.6000	8.4435	0.11843	2.5161	4.2226	73.887	12.525	20.824	852.87	-0.60287	1.5395e-05	0.12078	supercritical
200.00	4.1000	9.5823	0.10436	2.5163	4.2289	72.806	12.533	20.828	855.72	-0.60261	1.5430e-05	0.12117	supercritical
200.00	4.6000	10.713	0.093343	2.5166	4.2352	71.851	12.540	20.833	858.56	-0.60236	1.5465e-05	0.12157	supercritical
200.00	5.1000	11.836	0.084487	2.5168	4.2415	70.994	12.547	20.838	861.39	-0.60211	1.5499e-05	0.12196	supercritical
200.00	5.6000	12.951	0.077212	2.5171	4.2477	70.217	12.555	20.842	864.22	-0.60186	1.5533e-05	0.12235	supercritical
200.00	6.1000	14.059	0.071129	2.5173	4.2540	69.507	12.562	20.847	867.04	-0.60161	1.5567e-05	0.12274	supercritical
200.00	6.6000	15.159	0.065968	2.5176	4.2603	68.854	12.569	20.851	869.86	-0.60137	1.5600e-05	0.12312	supercritical
200.00	7.1000	16.251	0.061533	2.5179	4.2665	68.247	12.576	20.855	872.66	-0.60113	1.5634e-05	0.12351	supercritical
200.00	7.6000	17.336	0.057682	2.5181	4.2728	67.683	12.584	20.859	875.46	-0.60090	1.5667e-05	0.12389	supercritical
200.00	8.1000	18.414	0.054306	2.5184	4.2791	67.154	12.591	20.863	878.25	-0.60068	1.5699e-05	0.12427	supercritical
200.00	8.6000	19.485	0.051322	2.5187	4.2853	66.657	12.598	20.867	881.04	-0.60046	1.5732e-05	0.12465	supercritical
200.00	9.1000	20.548	0.048666	2.5190	4.2916	66.189	12.605	20.871	883.81	-0.60025	1.5764e-05	0.12503	supercritical
200.00	9.6000	21.605	0.046287	2.5193	4.2979	65.745	12.612	20.875	886.58	-0.60005	1.5796e-05	0.12540	supercritical
200.00	10.100	22.654	0.044142	2.5196	4.3041	65.324	12.619	20.878	889.35	-0.59984	1.5828e-05	0.12578	supercritical
200.00	10.600	23.696	0.042201	2.5199	4.3104	64.924	12.626	20.882	892.10	-0.59965	1.5859e-05	0.12615	supercritical
200.00	11.100	24.732	0.040433	2.5202	4.3167	64.542	12.633	20.885	894.85	-0.59945	1.5890e-05	0.12652	supercritical
200.00	11.600	25.761	0.038818	2.5206	4.3229	64.177	12.640	20.889	897.60	-0.59926	1.5921e-05	0.12689	supercritical
200.00	12.100	26.783	0.037337	2.5209	4.3292	63.827	12.647	20.892	900.33	-0.59908	1.5952e-05	0.12726	supercritical
200.00	12.600	27.799	0.035973	2.5212	4.3354	63.491	12.654	20.895	903.06	-0.59889	1.5983e-05	0.12762	supercritical
200.00	13.100	28.808	0.034713	2.5216	4.3417	63.169	12.661	20.898	905.79	-0.59871	1.6013e-05	0.12799	supercritical
200.00	13.600	29.811	0.033545	2.5219	4.3479	62.859	12.668	20.901	908.50	-0.59853	1.6043e-05	0.12835	supercritical
200.00	14.100	30.807	0.032460	2.5223	4.3542	62.560	12.675	20.904	911.21	-0.59834	1.6073e-05	0.12871	supercritical
200.00	14.600	31.797	0.031450	2.5226	4.3605	62.272	12.682	20.907	913.92	-0.59816	1.6103e-05	0.12907	supercritical
200.00	15.100	32.781	0.030506	2.5230	4.3667	61.993	12.689	20.910	916.61	-0.59797	1.6132e-05	0.12943	supercritical
200.00	15.600	33.758	0.029622	2.5233	4.3730	61.723	12.696	20.913	919.30	-0.59779	1.6162e-05	0.12979	supercritical
200.00	16.100	34.730	0.028794	2.5237	4.3792	61.463	12.703	20.915	921.99	-0.59760	1.6191e-05	0.13014	supercritical
200.00	16.600	35.695	0.028015	2.5241	4.3855	61.210	12.710	20.918	924.66	-0.59740	1.6220e-05	0.13049	supercritical
200.00	17.100	36.655	0.027282	2.5244	4.3917	60.964	12.716	20.921	927.33	-0.59720	1.6249e-05	0.13085	supercritical
200.00	17.600	37.608	0.026590	2.5248	4.3980	60.726	12.723	20.923	930.00	-0.59700	1.6277e-05	0.13120	supercritical
200.00	18.100	38.556	0.025936	2.5252	4.4042	60.494	12.730	20.925	932.66	-0.59679	1.6306e-05	0.13155	supercritical
200.00	18.600	39.498	0.025318	2.5256	4.4104	60.269	12.737	20.928	935.31	-0.59658	1.6334e-05	0.13190	supercritical
200.00	19.100	40.434	0.024731	2.5260	4.4167	60.050	12.743	20.930	937.95	-0.59636	1.6362e-05	0.13224	supercritical
200.00	19.600	41.365	0.024175	2.5264	4.4229	59.837	12.750	20.932	940.59	-0.59614	1.6390e-05	0.13259	supercritical
200.00	20.100	42.290	0.023646	2.5268	4.4292	59.628	12.757	20.935	943.22	-0.59590	1.6417e-05	0.13294	supercritical